{
    "topic_word_count": {
        "topic0": [
            {
                "word": "said",
                "count": 67
            },
            {
                "word": "city",
                "count": 27
            },
            {
                "word": "coronavirus",
                "count": 120
            },
            {
                "word": "indian",
                "count": 37
            },
            {
                "word": "pandemic",
                "count": 33
            },
            {
                "word": "delhi",
                "count": 35
            },
            {
                "word": "state",
                "count": 38
            },
            {
                "word": "people",
                "count": 91
            },
            {
                "word": "norms",
                "count": 30
            },
            {
                "word": "india",
                "count": 136
            }
        ],
        "topic1": [
            {
                "word": "news",
                "count": 55
            },
            {
                "word": "people",
                "count": 91
            },
            {
                "word": "said",
                "count": 67
            },
            {
                "word": "covid",
                "count": 97
            },
            {
                "word": "covid_19",
                "count": 93
            },
            {
                "word": "india",
                "count": 136
            },
            {
                "word": "state",
                "count": 38
            },
            {
                "word": "coronavirus",
                "count": 120
            },
            {
                "word": "indian",
                "count": 37
            },
            {
                "word": "lockdown",
                "count": 48
            }
        ],
        "topic2": [
            {
                "word": "coronavirus",
                "count": 120
            },
            {
                "word": "amid",
                "count": 28
            },
            {
                "word": "state",
                "count": 38
            },
            {
                "word": "city",
                "count": 27
            },
            {
                "word": "cases",
                "count": 43
            },
            {
                "word": "news",
                "count": 55
            },
            {
                "word": "lockdown",
                "count": 48
            },
            {
                "word": "india",
                "count": 136
            },
            {
                "word": "measures",
                "count": 34
            },
            {
                "word": "covid_19",
                "count": 93
            }
        ],
        "topic3": [
            {
                "word": "india",
                "count": 136
            },
            {
                "word": "coronavirus",
                "count": 120
            },
            {
                "word": "delhi",
                "count": 35
            },
            {
                "word": "cases",
                "count": 43
            },
            {
                "word": "news",
                "count": 55
            },
            {
                "word": "covid",
                "count": 97
            },
            {
                "word": "covid_19",
                "count": 93
            },
            {
                "word": "state",
                "count": 38
            },
            {
                "word": "norms",
                "count": 30
            },
            {
                "word": "measures",
                "count": 34
            }
        ],
        "topic4": [
            {
                "word": "people",
                "count": 91
            },
            {
                "word": "india",
                "count": 136
            },
            {
                "word": "coronavirus",
                "count": 120
            },
            {
                "word": "cases",
                "count": 43
            },
            {
                "word": "norms",
                "count": 30
            },
            {
                "word": "said",
                "count": 67
            },
            {
                "word": "city",
                "count": 27
            },
            {
                "word": "country",
                "count": 39
            },
            {
                "word": "pandemic",
                "count": 33
            },
            {
                "word": "delhi",
                "count": 35
            }
        ],
        "topic5": [
            {
                "word": "state",
                "count": 38
            },
            {
                "word": "coronavirus",
                "count": 120
            },
            {
                "word": "said",
                "count": 67
            },
            {
                "word": "amid",
                "count": 28
            },
            {
                "word": "indian",
                "count": 37
            },
            {
                "word": "news",
                "count": 55
            },
            {
                "word": "india",
                "count": 136
            },
            {
                "word": "country",
                "count": 39
            },
            {
                "word": "pandemic",
                "count": 33
            },
            {
                "word": "covid_19",
                "count": 93
            }
        ],
        "topic6": [
            {
                "word": "india",
                "count": 136
            },
            {
                "word": "pandemic",
                "count": 33
            },
            {
                "word": "lockdown",
                "count": 48
            },
            {
                "word": "coronavirus",
                "count": 120
            },
            {
                "word": "said",
                "count": 67
            },
            {
                "word": "measures",
                "count": 34
            },
            {
                "word": "cases",
                "count": 43
            },
            {
                "word": "amid",
                "count": 28
            },
            {
                "word": "norms",
                "count": 30
            },
            {
                "word": "people",
                "count": 91
            }
        ],
        "topic7": [
            {
                "word": "country",
                "count": 39
            },
            {
                "word": "people",
                "count": 91
            },
            {
                "word": "covid",
                "count": 97
            },
            {
                "word": "covid_19",
                "count": 93
            },
            {
                "word": "india",
                "count": 136
            },
            {
                "word": "lockdown",
                "count": 48
            },
            {
                "word": "coronavirus",
                "count": 120
            },
            {
                "word": "delhi",
                "count": 35
            },
            {
                "word": "state",
                "count": 38
            },
            {
                "word": "norms",
                "count": 30
            }
        ],
        "topic8": [
            {
                "word": "covid_19",
                "count": 93
            },
            {
                "word": "covid",
                "count": 97
            },
            {
                "word": "measures",
                "count": 34
            },
            {
                "word": "india",
                "count": 136
            },
            {
                "word": "norms",
                "count": 30
            },
            {
                "word": "said",
                "count": 67
            },
            {
                "word": "amid",
                "count": 28
            },
            {
                "word": "cases",
                "count": 43
            },
            {
                "word": "coronavirus",
                "count": 120
            },
            {
                "word": "lockdown",
                "count": 48
            }
        ],
        "topic9": [
            {
                "word": "indian",
                "count": 37
            },
            {
                "word": "lockdown",
                "count": 48
            },
            {
                "word": "covid",
                "count": 97
            },
            {
                "word": "covid_19",
                "count": 93
            },
            {
                "word": "india",
                "count": 136
            },
            {
                "word": "news",
                "count": 55
            },
            {
                "word": "coronavirus",
                "count": 120
            },
            {
                "word": "norms",
                "count": 30
            },
            {
                "word": "pandemic",
                "count": 33
            },
            {
                "word": "amid",
                "count": 28
            }
        ]
    },
    "data": {
        "vocab": [
            "amid",
            "cases",
            "city",
            "coronavirus",
            "country",
            "covid",
            "covid_19",
            "delhi",
            "india",
            "indian",
            "lockdown",
            "measures",
            "news",
            "norms",
            "pandemic",
            "people",
            "said",
            "state"
        ],
        "freq": [
            28,
            43,
            27,
            120,
            39,
            97,
            93,
            35,
            136,
            37,
            48,
            34,
            55,
            30,
            33,
            91,
            67,
            38
        ],
        "topic_term_dists": [
            [
                0.0016477682592620805,
                0.001647768265634015,
                0.17206245372782558,
                0.1494311684704566,
                0.001647839043893851,
                0.0016478198917967497,
                0.00164778440025765,
                0.11699314957227741,
                0.001647854611267951,
                0.14254806871479692,
                0.0016478462677452501,
                0.0016477682588078328,
                0.0016477921904919943,
                0.0016478589224990065,
                0.11699351261418643,
                0.0016478783211322711,
                0.2821977630726513,
                0.001647905395017146
            ],
            [
                0.0013681433210510235,
                0.0013682855745172303,
                0.0013682373353274089,
                0.0013683229728353925,
                0.0013680934004358255,
                0.08241082205228702,
                0.06479376978152249,
                0.0013682896398505228,
                0.06287854469521208,
                0.0013683065669771659,
                0.0013682935358007087,
                0.0013681057422587457,
                0.48127653155842165,
                0.0013682030442134475,
                0.001368109139691041,
                0.13817881556596298,
                0.12150609713097563,
                0.03390502894265966
            ],
            [
                0.2889100975452035,
                0.002634284805931092,
                0.05529896184208624,
                0.468576503124698,
                0.0026333788023311135,
                0.0026336018181641373,
                0.002633617272628666,
                0.0026335244058589657,
                0.0026337616541610128,
                0.0026335126414425594,
                0.0026338038504647642,
                0.002633685138203549,
                0.0026340429837624153,
                0.002633475247993124,
                0.0026335504386905744,
                0.0026333788081240477,
                0.0026335225885233226,
                0.15034329703173277
            ],
            [
                0.0007427756577718717,
                0.10418833070832538,
                0.000742750947826382,
                0.18915269530004167,
                0.000742857653966278,
                0.07908583954780411,
                0.069497609850183,
                0.18307493719616608,
                0.24119187793077926,
                0.0007427688843125588,
                0.000742842412012543,
                0.0007428770235162587,
                0.09318467849364956,
                0.01623804225296427,
                0.0007427754639140226,
                0.000742781913529522,
                0.000742858232277711,
                0.017700700530959568
            ],
            [
                0.0005493542933951512,
                0.11725148622131666,
                0.07644536420289819,
                0.1335726739542647,
                0.02916663896291052,
                0.0005493365842894738,
                0.0005493342771485554,
                0.000549368957087993,
                0.13403740178880358,
                0.0005492987669923383,
                0.0005493043792446171,
                0.0005493234478399625,
                0.0005493350054602012,
                0.10177013577304503,
                0.02801248143575625,
                0.2949185400133789,
                0.0798812815510048,
                0.0005493403851630056
            ],
            [
                0.0953687512217101,
                0.024684135232966524,
                0.0074129026833455285,
                0.17724706195444573,
                0.04807851168878525,
                0.04019565750439899,
                0.04019579004107956,
                0.0007881963333097033,
                0.05552580601534259,
                0.0638408836667865,
                0.0007881754596338479,
                0.0007881754599607986,
                0.059707428178753755,
                0.004304589465197901,
                0.04019650431803111,
                0.0027489223063597583,
                0.11878383060472299,
                0.2193446778651694
            ],
            [
                0.0012706353670523182,
                0.0012706591111230482,
                0.0012704106700532176,
                0.14086814804439315,
                0.0012704819540174557,
                0.001270466686299959,
                0.0012704692714599133,
                0.0012703952896169304,
                0.32199083370937853,
                0.0012704399718038984,
                0.1846477243451606,
                0.05214940069865907,
                0.0012704910261864067,
                0.0012705841301031216,
                0.20452777332830693,
                0.0012705222910409698,
                0.08057009868403381,
                0.001270465421310723
            ],
            [
                0.0006907012573421844,
                0.0006907161327297143,
                0.0006907340229039095,
                0.04178983252519639,
                0.192636649041458,
                0.16074976392167345,
                0.16027377119796796,
                0.024531131250867415,
                0.12123977286352355,
                0.0006907187384905934,
                0.1035921732846939,
                0.0006907248061783908,
                0.0006907265946668413,
                0.0006907539440948239,
                0.0006907436962163532,
                0.18827960570698982,
                0.0006907217384631943,
                0.0006907592765436778
            ],
            [
                0.03222981853096634,
                0.030167556592484157,
                0.0006163761355927105,
                0.027895476914796078,
                0.0006163947862029572,
                0.2449468547001724,
                0.2485207062374737,
                0.0006163840144823566,
                0.13332824088070708,
                0.0006164856208671,
                0.001405746669374102,
                0.18549745916599902,
                0.0006164227700487499,
                0.05633465893518276,
                0.0006164152523364993,
                0.0006164582886961183,
                0.03474215744098702,
                0.0006163870636309201
            ],
            [
                0.0014721487540927914,
                0.0014719456153196788,
                0.00147192238881559,
                0.0014722899832223689,
                0.0014719145338874355,
                0.188629307110358,
                0.16018789519787627,
                0.0014719791061491658,
                0.055243671668053336,
                0.30246137120307703,
                0.27434101920183923,
                0.0014720380318748755,
                0.001472290504753203,
                0.0014721893954107992,
                0.0014721541427592296,
                0.001472014840192927,
                0.0014719143402912676,
                0.0014719339820268946
            ]
        ],
        "doc_topic_dists": [
            [
                0.010003523433194137,
                0.010000933150734614,
                0.010002891242846904,
                0.010001982190353642,
                0.5143309260394577,
                0.010001735761507263,
                0.40565141402657157,
                0.010001283328176848,
                0.010003976726539297,
                0.010001334100617938
            ],
            [
                0.008335780365031034,
                0.008334938553294188,
                0.008338171322250124,
                0.008335761667195154,
                0.00833725414221137,
                0.0083358296990432,
                0.00833492292805759,
                0.1681047454981478,
                0.6364215295939938,
                0.1371210662307759
            ],
            [
                0.016670649720381382,
                0.01666794851080216,
                0.01667964316928022,
                0.016674059312639017,
                0.01667339871418003,
                0.016672264308839925,
                0.01667538721232328,
                0.8499481056372578,
                0.016668553405771516,
                0.01666999000852478
            ],
            [
                0.008335377491509203,
                0.00833375028471311,
                0.008335117395405016,
                0.008334656155732841,
                0.9249869590321175,
                0.00833483296862446,
                0.008336224462480694,
                0.008335827623306239,
                0.008333835329879595,
                0.008333419256231272
            ],
            [
                0.008335377491509203,
                0.00833375028471311,
                0.008335117395405016,
                0.008334656155732841,
                0.9249869590321175,
                0.00833483296862446,
                0.008336224462480694,
                0.008335827623306239,
                0.008333835329879595,
                0.008333419256231272
            ],
            [
                0.008335377491509203,
                0.00833375028471311,
                0.008335117395405016,
                0.008334656155732841,
                0.9249869590321175,
                0.00833483296862446,
                0.008336224462480694,
                0.008335827623306239,
                0.008333835329879595,
                0.008333419256231272
            ],
            [
                0.008335377491509203,
                0.00833375028471311,
                0.008335117395405016,
                0.008334656155732841,
                0.9249869590321175,
                0.00833483296862446,
                0.008336224462480694,
                0.008335827623306239,
                0.008333835329879595,
                0.008333419256231272
            ],
            [
                0.008335377491509203,
                0.00833375028471311,
                0.008335117395405016,
                0.008334656155732841,
                0.9249869590321175,
                0.00833483296862446,
                0.008336224462480694,
                0.008335827623306239,
                0.008333835329879595,
                0.008333419256231272
            ],
            [
                0.008334533037854365,
                0.008334397701438123,
                0.008334699767906512,
                0.00833524177032606,
                0.586536016815041,
                0.008334398999461609,
                0.00833427669679199,
                0.34678552411391306,
                0.008336040521980916,
                0.008334870575286446
            ],
            [
                0.012505583432486334,
                0.012502820157962408,
                0.01250224243271132,
                0.012502649054404623,
                0.2821175653561921,
                0.6178568065222012,
                0.012503900434412657,
                0.012502404460389565,
                0.012501499689409456,
                0.012504528459830218
            ],
            [
                0.016676762894001766,
                0.01667164755312837,
                0.0166666667116848,
                0.016669257227863034,
                0.01667037478064858,
                0.016671327029042563,
                0.016674165289809674,
                0.01666903070541523,
                0.8499622175956999,
                0.016668550212706114
            ],
            [
                0.016667322191594895,
                0.016674710786715525,
                0.016666666708679535,
                0.8499679495680437,
                0.016667260528806342,
                0.016668684462237494,
                0.016668100282460872,
                0.016672146623099342,
                0.016675156956947428,
                0.016672001891414975
            ],
            [
                0.006668633174839816,
                0.006670678949664158,
                0.0066671387619540315,
                0.2810239857201789,
                0.665631734673192,
                0.006668003337157693,
                0.006668095132644651,
                0.006667627487221524,
                0.006667301385308816,
                0.006666801377838533
            ],
            [
                0.007695166487030416,
                0.007693589913622601,
                0.007692987237941985,
                0.14890446423801224,
                0.7895475387168639,
                0.007693485013586499,
                0.007693850838865226,
                0.00769347348896168,
                0.007693000934808119,
                0.007692443130307525
            ],
            [
                0.007695166487030416,
                0.007693589913622601,
                0.007692987237941985,
                0.14890446423801224,
                0.7895475387168639,
                0.007693485013586499,
                0.007693850838865226,
                0.00769347348896168,
                0.007693000934808119,
                0.007692443130307525
            ],
            [
                0.009093179581669213,
                0.009091847483304043,
                0.009094992989280175,
                0.009092557739850606,
                0.5115665057242503,
                0.4156937521826332,
                0.009092375022891083,
                0.00909167702592505,
                0.009092055800624194,
                0.009091056449571885
            ],
            [
                0.008335174677967449,
                0.008334248702688044,
                0.008336898088841851,
                0.008335258605961862,
                0.5437689993918863,
                0.3895517117111711,
                0.008335309740420647,
                0.008334235599915217,
                0.008334592902139339,
                0.00833357057900836
            ],
            [
                0.008335174677967449,
                0.008334248702688044,
                0.008336898088841851,
                0.008335258605961862,
                0.5437689993918863,
                0.3895517117111711,
                0.008335309740420647,
                0.008334235599915217,
                0.008334592902139339,
                0.00833357057900836
            ],
            [
                0.0076939419201747655,
                0.0076966379987392225,
                0.007694949254733524,
                0.007694684988849853,
                0.47503051221574516,
                0.46341614703374057,
                0.007694054726921388,
                0.007693136509927165,
                0.007693413697206533,
                0.007692521653961795
            ],
            [
                0.0076939419201747655,
                0.0076966379987392225,
                0.007694949254733524,
                0.007694684988849853,
                0.47503051221574516,
                0.46341614703374057,
                0.007694054726921388,
                0.007693136509927165,
                0.007693413697206533,
                0.007692521653961795
            ],
            [
                0.008335174677967449,
                0.008334248702688044,
                0.008336898088841851,
                0.008335258605961862,
                0.5437689993918863,
                0.3895517117111711,
                0.008335309740420647,
                0.008334235599915217,
                0.008334592902139339,
                0.00833357057900836
            ],
            [
                0.016668390400268088,
                0.016666858077760374,
                0.016670337833237167,
                0.016668953654609478,
                0.016668291737790667,
                0.016668421421249177,
                0.8499803985582696,
                0.01666797528752915,
                0.01667192963646258,
                0.0166684433928237
            ],
            [
                0.005556353582443444,
                0.005558510369377635,
                0.005555555574231181,
                0.2586907232898328,
                0.005556697791551207,
                0.0055563586895594486,
                0.14181703921264305,
                0.24288408701769026,
                0.005557271979177113,
                0.3232674024934938
            ],
            [
                0.4266987307893977,
                0.012500994280700064,
                0.012504514999419727,
                0.012503679375085876,
                0.473278980584789,
                0.012502575625254666,
                0.012503916546825164,
                0.01250206620458027,
                0.01250133843066553,
                0.012503203163281853
            ],
            [
                0.03333333337283794,
                0.033335974790498615,
                0.03333333339684779,
                0.033344494225394664,
                0.03333948849793769,
                0.0333357540412038,
                0.033349840642575054,
                0.033338858612805805,
                0.6999533278582136,
                0.033335594561685056
            ],
            [
                0.007145539334303587,
                0.007144672165640741,
                0.007143536928317013,
                0.007143719585792544,
                0.007145733706939859,
                0.007144490818464036,
                0.751557315439796,
                0.19128796293739284,
                0.007143486667677698,
                0.007143542415675753
            ],
            [
                0.012502098482767203,
                0.339192443352331,
                0.012501119188757721,
                0.012505392362645489,
                0.012505121011757,
                0.5607880015093879,
                0.012500000029126985,
                0.012500000015767808,
                0.012501210387329192,
                0.012504613660129749
            ],
            [
                0.020000000017322314,
                0.020001622392317776,
                0.020000000027846476,
                0.02000399519963584,
                0.020001660552198514,
                0.02000114532808816,
                0.02000478524086569,
                0.020003903286393475,
                0.8199799766173559,
                0.020002911337975934
            ],
            [
                0.02000222726304973,
                0.5021383862951707,
                0.02000000003524792,
                0.02000229311850202,
                0.02000000000727254,
                0.020002250184986275,
                0.02000000001688179,
                0.020002488862879635,
                0.020003827953518526,
                0.337848526262491
            ],
            [
                0.0071440676900205976,
                0.9357037350926959,
                0.00714285715615313,
                0.0071440849722558845,
                0.007144345640618729,
                0.0071438025979048084,
                0.007144132464439274,
                0.00714448896715085,
                0.007144635372012039,
                0.0071438500467488845
            ],
            [
                0.012505411860468888,
                0.01250402697871036,
                0.012500000037075904,
                0.01250106536512746,
                0.5625995533834564,
                0.012502768015340733,
                0.012501460226410934,
                0.012503343579174172,
                0.3373800551834424,
                0.012502315370792915
            ],
            [
                0.01250148288516068,
                0.012507876700117375,
                0.012502075072855924,
                0.38171711244954554,
                0.012501439388518054,
                0.01250267885271454,
                0.34683450690097817,
                0.1839238472815012,
                0.012506904062348825,
                0.012502076406259801
            ],
            [
                0.0018869121921356094,
                0.0018873031742684093,
                0.0018872233211376724,
                0.9830156684584905,
                0.0018870365610701883,
                0.0018872244474200152,
                0.0018871050732410075,
                0.0018871475446148598,
                0.0018872954041236666,
                0.0018870838234980108
            ],
            [
                0.009092004887504413,
                0.009095303030979138,
                0.21628285977099282,
                0.36620205055028276,
                0.0090922427095585,
                0.009094334064842658,
                0.3538627376098316,
                0.009091662064389081,
                0.009094637207516952,
                0.009092168104102166
            ],
            [
                0.0071445645663026315,
                0.007145133997766904,
                0.007144938158913289,
                0.007144347554712425,
                0.007143569803353803,
                0.9356974613585566,
                0.007144283723602803,
                0.007145152908128385,
                0.0071452956880227745,
                0.007145252240640345
            ],
            [
                0.010001417396721977,
                0.010000530559752027,
                0.010003169335245086,
                0.4606834348289875,
                0.010001415828962764,
                0.010001563991342112,
                0.010002543785427562,
                0.010001537787967736,
                0.4593034238136184,
                0.010000962671974714
            ],
            [
                0.012503837149033907,
                0.01250210393529849,
                0.012500000046110496,
                0.012501587271096681,
                0.012503538625093975,
                0.012502054412469977,
                0.434597717490253,
                0.012502501284688994,
                0.4653830587478169,
                0.012503601038137593
            ],
            [
                0.009093615917028156,
                0.009092015046515281,
                0.009097382016474571,
                0.009094024346531721,
                0.009094048097502324,
                0.00909441346022177,
                0.2528196781166062,
                0.009092483266739691,
                0.6744290457736833,
                0.009093293958697018
            ],
            [
                0.007695500407208318,
                0.0076934340423964066,
                0.007698591887057637,
                0.0076954185857594564,
                0.007695164137012106,
                0.007695735749653665,
                0.007696375347067807,
                0.0076943351423456674,
                0.8342877780574308,
                0.10414766664406819
            ],
            [
                0.007143515831888281,
                0.007143719327378459,
                0.007146175306325891,
                0.5874073898241641,
                0.007143777990725964,
                0.007147916294089664,
                0.007143604978415041,
                0.3554363599239666,
                0.00714402764261812,
                0.007143512880427987
            ],
            [
                0.292654353519273,
                0.011113479876590567,
                0.011111111156806965,
                0.011113106652193207,
                0.0111150859452526,
                0.011113890306475367,
                0.01111391985623932,
                0.19263866163602944,
                0.4369139427653142,
                0.01111244828582545
            ],
            [
                0.0071445645663026315,
                0.007145133997766904,
                0.007144938158913289,
                0.007144347554712425,
                0.007143569803353803,
                0.9356974613585566,
                0.007144283723602803,
                0.007145152908128385,
                0.0071452956880227745,
                0.007145252240640345
            ],
            [
                0.0071445645663026315,
                0.007145133997766904,
                0.007144938158913289,
                0.007144347554712425,
                0.007143569803353803,
                0.9356974613585566,
                0.007144283723602803,
                0.007145152908128385,
                0.0071452956880227745,
                0.007145252240640345
            ],
            [
                0.0071445645663026315,
                0.007145133997766904,
                0.007144938158913289,
                0.007144347554712425,
                0.007143569803353803,
                0.9356974613585566,
                0.007144283723602803,
                0.007145152908128385,
                0.0071452956880227745,
                0.007145252240640345
            ],
            [
                0.0071445645663026315,
                0.007145133997766904,
                0.007144938158913289,
                0.007144347554712425,
                0.007143569803353803,
                0.9356974613585566,
                0.007144283723602803,
                0.007145152908128385,
                0.0071452956880227745,
                0.007145252240640345
            ],
            [
                0.01428627572148978,
                0.014285929490712319,
                0.22522376572581182,
                0.21474206409177785,
                0.014291383948946109,
                0.014288701051083947,
                0.4600154307039321,
                0.01428806119198178,
                0.014287811208743336,
                0.014290576865520982
            ],
            [
                0.03333333337584176,
                0.03333478170842267,
                0.03333333340179289,
                0.6999669976943542,
                0.033344872225502926,
                0.03333592928869516,
                0.03334148498238753,
                0.03333636178736872,
                0.03333833224936277,
                0.03333457328627145
            ],
            [
                0.012501415496030968,
                0.012500697574995485,
                0.012507068620901611,
                0.01250091034979864,
                0.012501370113434322,
                0.012503342330713822,
                0.012500000022726469,
                0.012501635140043328,
                0.6922420370913926,
                0.20774152325996267
            ],
            [
                0.012501415496030968,
                0.012500697574995485,
                0.012507068620901611,
                0.01250091034979864,
                0.012501370113434322,
                0.012503342330713822,
                0.012500000022726469,
                0.012501635140043328,
                0.6922420370913926,
                0.20774152325996267
            ],
            [
                0.012500000012293875,
                0.012501285200382368,
                0.01250000001976343,
                0.012504445739590335,
                0.01250227065160085,
                0.012501061107413634,
                0.012505685514673032,
                0.01250276643294267,
                0.8874808744587643,
                0.0125016108625755
            ],
            [
                0.011111111124799579,
                0.8999809670252517,
                0.011111111133114361,
                0.011114199922120628,
                0.011113086740043184,
                0.011112193632653868,
                0.011113554924455607,
                0.011114718797094683,
                0.011115383714256896,
                0.011113672986209617
            ],
            [
                0.02000178884992583,
                0.02000148803721026,
                0.020006095796063574,
                0.020002550155247444,
                0.8199803140127447,
                0.020002212962273953,
                0.020001700627150204,
                0.020002649746886567,
                0.02000119979467844,
                0.02000000001781915
            ],
            [
                0.009092729895518967,
                0.11467100155477002,
                0.1719631500102627,
                0.009093491175878803,
                0.009091879711486154,
                0.009093226910227056,
                0.009092135244163798,
                0.009092466553014336,
                0.3212846620094944,
                0.3375252569351838
            ],
            [
                0.025001297200271156,
                0.025002268818615853,
                0.025000000034609716,
                0.02500240107411421,
                0.025000000007144335,
                0.025001818601969,
                0.02500000001658241,
                0.025005376706410228,
                0.025012157411611256,
                0.7749746801286719
            ],
            [
                0.014288914872603186,
                0.44285638416568435,
                0.15713072803610104,
                0.014289323035219476,
                0.014287560888755943,
                0.014289274812598425,
                0.014289370990085705,
                0.01428723371986578,
                0.014286065709042405,
                0.29999514377004377
            ],
            [
                0.010000820682139812,
                0.14051463488525195,
                0.20999616370643331,
                0.010004069550286066,
                0.010001784178632837,
                0.010002503680228293,
                0.010004376254904867,
                0.010002698293953291,
                0.010003083937303868,
                0.5794698648308657
