{
    "topic_word_count": {
        "topic0": [
            {
                "word": "covid",
                "count": 69
            },
            {
                "word": "covid_19",
                "count": 69
            },
            {
                "word": "state",
                "count": 114
            },
            {
                "word": "cases",
                "count": 65
            },
            {
                "word": "phil_murphy",
                "count": 38
            },
            {
                "word": "phil",
                "count": 38
            },
            {
                "word": "murphy",
                "count": 86
            },
            {
                "word": "said",
                "count": 121
            },
            {
                "word": "governor",
                "count": 37
            },
            {
                "word": "wednesday",
                "count": 25
            }
        ],
        "topic1": [
            {
                "word": "covid",
                "count": 69
            },
            {
                "word": "covid_19",
                "count": 69
            },
            {
                "word": "deaths",
                "count": 38
            },
            {
                "word": "coronavirus",
                "count": 155
            },
            {
                "word": "new_york",
                "count": 58
            },
            {
                "word": "york",
                "count": 59
            },
            {
                "word": "york_new",
                "count": 29
            },
            {
                "word": "county",
                "count": 46
            },
            {
                "word": "cases",
                "count": 65
            },
            {
                "word": "reported",
                "count": 25
            }
        ],
        "topic2": [
            {
                "word": "cases",
                "count": 65
            },
            {
                "word": "reported",
                "count": 25
            },
            {
                "word": "coronavirus",
                "count": 155
            },
            {
                "word": "deaths",
                "count": 38
            },
            {
                "word": "said",
                "count": 121
            },
            {
                "word": "gov",
                "count": 39
            },
            {
                "word": "state",
                "count": 114
            },
            {
                "word": "phil_murphy",
                "count": 38
            },
            {
                "word": "phil",
                "count": 38
            },
            {
                "word": "murphy",
                "count": 86
            }
        ],
        "topic3": [
            {
                "word": "state",
                "count": 114
            },
            {
                "word": "county",
                "count": 46
            },
            {
                "word": "murphy",
                "count": 86
            },
            {
                "word": "phil",
                "count": 38
            },
            {
                "word": "phil_murphy",
                "count": 38
            },
            {
                "word": "people",
                "count": 64
            },
            {
                "word": "coronavirus",
                "count": 155
            },
            {
                "word": "gov",
                "count": 39
            },
            {
                "word": "governor",
                "count": 37
            },
            {
                "word": "said",
                "count": 121
            }
        ],
        "topic4": [
            {
                "word": "home",
                "count": 46
            },
            {
                "word": "state",
                "count": 114
            },
            {
                "word": "coronavirus",
                "count": 155
            },
            {
                "word": "gov",
                "count": 39
            },
            {
                "word": "deaths",
                "count": 38
            },
            {
                "word": "order",
                "count": 35
            },
            {
                "word": "york",
                "count": 59
            },
            {
                "word": "new_york",
                "count": 58
            },
            {
                "word": "cases",
                "count": 65
            },
            {
                "word": "covid_19",
                "count": 69
            }
        ],
        "topic5": [
            {
                "word": "murphy",
                "count": 86
            },
            {
                "word": "coronavirus",
                "count": 155
            },
            {
                "word": "gov",
                "count": 39
            },
            {
                "word": "said",
                "count": 121
            },
            {
                "word": "phil",
                "count": 38
            },
            {
                "word": "phil_murphy",
                "count": 38
            },
            {
                "word": "wednesday",
                "count": 25
            },
            {
                "word": "home",
                "count": 46
            },
            {
                "word": "order",
                "count": 35
            },
            {
                "word": "state",
                "count": 114
            }
        ],
        "topic6": [
            {
                "word": "said",
                "count": 121
            },
            {
                "word": "coronavirus",
                "count": 155
            },
            {
                "word": "people",
                "count": 64
            },
            {
                "word": "york",
                "count": 59
            },
            {
                "word": "new_york",
                "count": 58
            },
            {
                "word": "york_new",
                "count": 29
            },
            {
                "word": "cases",
                "count": 65
            },
            {
                "word": "state",
                "count": 114
            },
            {
                "word": "wednesday",
                "count": 25
            },
            {
                "word": "deaths",
                "count": 38
            }
        ],
        "topic7": [
            {
                "word": "governor",
                "count": 37
            },
            {
                "word": "said",
                "count": 121
            },
            {
                "word": "coronavirus",
                "count": 155
            },
            {
                "word": "deaths",
                "count": 38
            },
            {
                "word": "murphy",
                "count": 86
            },
            {
                "word": "phil",
                "count": 38
            },
            {
                "word": "phil_murphy",
                "count": 38
            },
            {
                "word": "order",
                "count": 35
            },
            {
                "word": "home",
                "count": 46
            },
            {
                "word": "county",
                "count": 46
            }
        ],
        "topic8": [
            {
                "word": "new_york",
                "count": 58
            },
            {
                "word": "york",
                "count": 59
            },
            {
                "word": "people",
                "count": 64
            },
            {
                "word": "covid",
                "count": 69
            },
            {
                "word": "covid_19",
                "count": 69
            },
            {
                "word": "state",
                "count": 114
            },
            {
                "word": "coronavirus",
                "count": 155
            },
            {
                "word": "home",
                "count": 46
            },
            {
                "word": "york_new",
                "count": 29
            },
            {
                "word": "county",
                "count": 46
            }
        ],
        "topic9": [
            {
                "word": "murphy",
                "count": 86
            },
            {
                "word": "state",
                "count": 114
            },
            {
                "word": "coronavirus",
                "count": 155
            },
            {
                "word": "people",
                "count": 64
            },
            {
                "word": "order",
                "count": 35
            },
            {
                "word": "deaths",
                "count": 38
            },
            {
                "word": "county",
                "count": 46
            },
            {
                "word": "wednesday",
                "count": 25
            },
            {
                "word": "cases",
                "count": 65
            },
            {
                "word": "governor",
                "count": 37
            }
        ]
    },
    "data": {
        "vocab": [
            "cases",
            "coronavirus",
            "county",
            "covid",
            "covid_19",
            "deaths",
            "gov",
            "governor",
            "home",
            "murphy",
            "new_york",
            "order",
            "people",
            "phil",
            "phil_murphy",
            "reported",
            "said",
            "state",
            "wednesday",
            "york",
            "york_new"
        ],
        "freq": [
            65,
            155,
            46,
            69,
            69,
            38,
            39,
            37,
            46,
            86,
            58,
            35,
            64,
            38,
            38,
            25,
            121,
            114,
            25,
            59,
            29
        ],
        "topic_term_dists": [
            [
                0.098952674747288,
                0.0004684699812966851,
                0.033404503667910285,
                0.212698612022627,
                0.2126986119878853,
                0.00046845489691744915,
                0.0004684715073647441,
                0.03775649173372761,
                0.0004685146888160184,
                0.04085633360307961,
                0.0004684217450314772,
                0.022879983815105347,
                0.00046848812133174194,
                0.04476166648219986,
                0.0447616733484497,
                0.026664754505593635,
                0.03940912133003236,
                0.1465910826953694,
                0.03481682562999179,
                0.000468421745025917,
                0.000468421744956083
            ],
            [
                0.04302352205743584,
                0.14344499937150657,
                0.04302381398455913,
                0.16037003573562228,
                0.1603700357356132,
                0.16036622693338418,
                0.003911208477253394,
                0.003911208464278888,
                0.0039112084956502745,
                0.003911208479016407,
                0.0707597504399299,
                0.003911208521200771,
                0.00391126621885595,
                0.0039112084737829055,
                0.003911208473782905,
                0.043023414087317954,
                0.003911690377918746,
                0.020822912592321528,
                0.003911208499486219,
                0.07036542209649274,
                0.045317242484590035
            ],
            [
                0.39068410273262416,
                0.22336391331622527,
                0.0027311474657047115,
                0.0027311515840648484,
                0.002731151584065328,
                0.06279123415086307,
                0.0030746865346378935,
                0.002731043484551618,
                0.0027308574274701103,
                0.0027313859626884535,
                0.00273108749986136,
                0.00273085744009637,
                0.0027311056251160537,
                0.00273154547469979,
                0.002731545474757732,
                0.23999798322633492,
                0.03912028688483935,
                0.002731723941171214,
                0.0027312511605618248,
                0.002731081608137387,
                0.002730857421528381
            ],
            [
                0.01063712610333054,
                0.06849222470089902,
                0.1806282064606735,
                0.0006416393205044977,
                0.000641639320504585,
                0.0331102770688474,
                0.06471878159848558,
                0.045719417898894645,
                0.0006416450939846244,
                0.12122646620965691,
                0.000641637838983633,
                0.014891250358078239,
                0.07271233254878921,
                0.07881433589403442,
                0.07881433373726832,
                0.0006416690553492499,
                0.03797264159362624,
                0.18712957466519461,
                0.0006415820613059417,
                0.00064163641070641,
                0.0006415820608824363
            ],
            [
                0.06082507038771569,
                0.08867181014091446,
                0.0005493176921721113,
                0.056318867585390356,
                0.05631886764857339,
                0.07186032429288841,
                0.071960221101137,
                0.0005493252619419444,
                0.19763873191207512,
                0.0005493244511069565,
                0.062314127610262046,
                0.06603351219875747,
                0.0005493644235148178,
                0.0005493424067549655,
                0.0005493424067424488,
                0.053937971905473135,
                0.0005493565085350044,
                0.0970169946396655,
                0.0005493195017572418,
                0.06461007629353294,
                0.048098731631089076
            ],
            [
                0.0007883914520761412,
                0.19216931865492345,
                0.0007883402721658062,
                0.0007884540935764745,
                0.0007884540935786956,
                0.0007883811309619283,
                0.12692296297428193,
                0.0007883992014217509,
                0.02977010850122665,
                0.24702648725679432,
                0.0007883721353493056,
                0.000788505625613999,
                0.0007884472833444468,
                0.10452306864330402,
                0.10452306402516755,
                0.0007883402714920209,
                0.12043969003897466,
                0.0007884616808286264,
                0.06437604087897525,
                0.000788371513631368,
                0.0007883402723114943
            ],
            [
                0.057242901657170726,
                0.2324072547873283,
                0.00037554285665260213,
                0.00037555475874553597,
                0.00037555475874545124,
                0.0003756101652880031,
                0.00037557510293682335,
                0.00037555839493969934,
                0.0003755703132898496,
                0.000375550002891721,
                0.08882408243789082,
                0.00037555381421615065,
                0.11066723975288974,
                0.0003755509304616871,
                0.0003755509304628993,
                0.00037557411534339824,
                0.29313102044076667,
                0.034266159676881,
                0.024482095850836404,
                0.09108877663212027,
                0.06338372262014229
            ],
            [
                0.0014064858389445896,
                0.16215937008002526,
                0.0302428820939972,
                0.0014064553661933508,
                0.0014064553661935772,
                0.0954259685222503,
                0.0014064813516147078,
                0.30776082410489963,
                0.03133447566258921,
                0.05576662106476385,
                0.0014065842113684121,
                0.03316449327266474,
                0.001406549910157555,
                0.0464253015036426,
                0.04642529385506349,
                0.001406459902070886,
                0.17582314197097026,
                0.0014065688755013066,
                0.001406452044313539,
                0.0014066108891278982,
                0.0014065241136475158
            ],
            [
                0.0010485766029693611,
                0.04728187868153162,
                0.02201968286276787,
                0.10107891013529381,
                0.10107891009245464,
                0.001048693857116811,
                0.0010486064886998207,
                0.0010486968490872033,
                0.046310764988344674,
                0.0010486181852799599,
                0.22643495449224837,
                0.013004384093946874,
                0.10754318803462992,
                0.0010486106185785035,
                0.0010486106185844798,
                0.001048576598808051,
                0.0010487141732702394,
                0.07110197285426445,
                0.0010486033721889918,
                0.2263203090905783,
                0.027338737309355963
            ],
            [
                0.01151418657931205,
                0.14384275513503458,
                0.05745417412950656,
                0.0009633162350992284,
                0.0009633162350993323,
                0.0690890976463549,
                0.0009633437302672072,
                0.003178852695633196,
                0.0009632442471466158,
                0.22715518686419292,
                0.0009634244802065233,
                0.12305344730246226,
                0.12851210323792486,
                0.0009633977584573163,
                0.00096339775844671,
                0.0009633138026745267,
                0.00096567982361749,
                0.19398784714056921,
                0.03161326059810796,
                0.0009634219296857756,
                0.0009632326702006415
            ]
        ],
        "doc_topic_dists": [
            [
                0.033334110390112866,
                0.03333668587812206,
                0.033339523602488604,
                0.033335794593861746,
                0.03333560980937978,
                0.03334078476716564,
                0.6999649674500368,
                0.03334104531189463,
                0.03333445217852455,
                0.03333702601841342
            ],
            [
                0.010000000004046874,
                0.010002570934543912,
                0.010003480759616906,
                0.010001304044854156,
                0.010001976574434777,
                0.010003090642186012,
                0.0100052276738553,
                0.010002554357624312,
                0.9099770923213304,
                0.010002702687507255
            ],
            [
                0.8499885954823629,
                0.01667135330943573,
                0.016666666710683006,
                0.016666666676889767,
                0.016667764194986445,
                0.016668674018742755,
                0.0166674156681274,
                0.016666666689169725,
                0.016668636271459262,
                0.016667560978142912
            ],
            [
                0.014290931935794142,
                0.014290173541399926,
                0.014285999360938542,
                0.014286084296927725,
                0.014288599798914134,
                0.014286954346040786,
                0.26305471249603,
                0.01428751746092922,
                0.6226433124580019,
                0.014285714305023733
            ],
            [
                0.01428903463954327,
                0.014290623978240716,
                0.014289526086341356,
                0.014286885971760229,
                0.014292137662676377,
                0.01428957771509348,
                0.014290458186494243,
                0.014288967755175434,
                0.8713945726692951,
                0.01428821533537978
            ],
            [
                0.0076928261201993035,
                0.007693001802103908,
                0.007693507912159169,
                0.00769434480783096,
                0.007692960930808185,
                0.5821970252303766,
                0.2063904134722868,
                0.1575578476771859,
                0.007693522817600602,
                0.00769454922944856
            ],
            [
                0.641142440163832,
                0.007693105835197324,
                0.007692397308560254,
                0.007693854627192487,
                0.007694788448582795,
                0.29730666764339747,
                0.007693392981830693,
                0.007694000225054655,
                0.007693076517251619,
                0.007696276249100746
            ],
            [
                0.3257273075480811,
                0.007694662622380909,
                0.007693533323929219,
                0.007694942290825955,
                0.007693834210319379,
                0.007695396655367849,
                0.00769382588914234,
                0.6127180773076671,
                0.007693312025850199,
                0.0076951081264359485
            ],
            [
                0.014287092939889206,
                0.01428654658722685,
                0.014287320427251176,
                0.014286416060144632,
                0.014286279498249106,
                0.014289919377994183,
                0.8714148300302665,
                0.014288066338168506,
                0.01428599212695656,
                0.01428753661385321
            ],
            [
                0.5474762744112389,
                0.006250734598241437,
                0.006251818749829205,
                0.006251665391766379,
                0.006251081080417644,
                0.26777719273088413,
                0.006251974101065621,
                0.006250863786316012,
                0.00625131918704828,
                0.14098707596319235
            ],
            [
                0.367196585103671,
                0.005882898981181144,
                0.0058835029386989516,
                0.5857334026037955,
                0.005883279892610942,
                0.005883734681261809,
                0.005883780606399194,
                0.005885173881476587,
                0.005883089155556858,
                0.005884552155348007
            ],
            [
                0.367196585103671,
                0.005882898981181144,
                0.0058835029386989516,
                0.5857334026037955,
                0.005883279892610942,
                0.005883734681261809,
                0.005883780606399194,
                0.005885173881476587,
                0.005883089155556858,
                0.005884552155348007
            ],
            [
                0.8714062493589404,
                0.014288000481489356,
                0.014289261029348533,
                0.014286485983932881,
                0.01428694300312983,
                0.014288100931076131,
                0.01429290213652142,
                0.01428918602576766,
                0.01428710039978759,
                0.014285770650005981
            ],
            [
                0.8714062493589404,
                0.014288000481489356,
                0.014289261029348533,
                0.014286485983932881,
                0.01428694300312983,
                0.014288100931076131,
                0.01429290213652142,
                0.01428918602576766,
                0.01428710039978759,
                0.014285770650005981
            ],
            [
                0.00769317093356357,
                0.0076926515690209545,
                0.007692860055098509,
                0.6593805767090528,
                0.007693110138741246,
                0.007694131475043571,
                0.007694633575906433,
                0.27907063315196007,
                0.007693468943125177,
                0.007694763448487663
            ],
            [
                0.006669536308461867,
                0.6655202035015293,
                0.0066676801915490054,
                0.006669077893826526,
                0.0066688312396944414,
                0.006667606761761046,
                0.2811305916887343,
                0.006667836900029578,
                0.006669172606426376,
                0.006669462907987586
            ],
            [
                0.025013457368405705,
                0.02500057051762112,
                0.025000524480023944,
                0.025021063093908714,
                0.025008305019799032,
                0.025002281628636644,
                0.7749279059814321,
                0.0250033178246698,
                0.025005815910087367,
                0.025016758175415647
            ],
            [
                0.010000104339746985,
                0.14487770963821425,
                0.01000183634022118,
                0.010001206693964494,
                0.010002548613978734,
                0.010000952646896252,
                0.7751079093106706,
                0.010002866180772622,
                0.010002579992528446,
                0.010002286243006411
            ],
            [
                0.005263647209333779,
                0.0052647811132898945,
                0.00526577994361715,
                0.0052638194879178896,
                0.3407918980852173,
                0.005264054463491301,
                0.36124843856037053,
                0.26110878431176976,
                0.005265085409551221,
                0.0052637114154411345
            ],
            [
                0.011111221760197047,
                0.011112312465792893,
                0.01111199176626287,
                0.011111739569846985,
                0.011112356270819326,
                0.011112170746208481,
                0.8999898285783576,
                0.011112205727407095,
                0.011114040527739705,
                0.011112132587368045
            ],
            [
                0.005265259641923059,
                0.0052646037549985945,
                0.005263540069298706,
                0.005264210710960295,
                0.005265045051173831,
                0.4076567412567457,
                0.005264306838818195,
                0.099736605092719,
                0.45575569015116757,
                0.005263997432195075
            ],
            [
                0.774933682253908,
                0.02500389319254749,
                0.02500205978082513,
                0.025002674327033233,
                0.025001450815786284,
                0.02500898074672912,
                0.025031579810089116,
                0.02501307575839128,
                0.025002603284349893,
                0.025000000030340565
            ],
            [
                0.3902492244333063,
                0.005556334303234029,
                0.005555637931335027,
                0.4994004244194342,
                0.07145399452830846,
                0.0055571854305635025,
                0.0055564915233399315,
                0.005557539668056602,
                0.005556576195512178,
                0.0055565915669097046
            ],
            [
                0.006250989334539207,
                0.006250457901221424,
                0.006251190327513505,
                0.006251062814181801,
                0.10206450499520427,
                0.006250990547279082,
                0.8479269139539911,
                0.006250637661166962,
                0.0062517491135888415,
                0.006251503351313893
            ],
            [
                0.014285960401017426,
                0.01428952746399173,
                0.014290016732563925,
                0.014287337221636963,
                0.8714008494730087,
                0.014289245631833926,
                0.01428978449875696,
                0.014289956232395394,
                0.014286879470706514,
                0.014290442874088665
            ],
            [
                0.24937813035874734,
                0.007144603418349126,
                0.1089306320301465,
                0.007144976375175182,
                0.007144235877204061,
                0.007143747596520141,
                0.007144156536873146,
                0.007143789948380569,
                0.007144065240639883,
                0.5916816626179641
            ],
            [
                0.0076951455700323915,
                0.00769530805887895,
                0.007694273270424098,
                0.0076935764716698374,
                0.6116336732557195,
                0.007693931660051094,
                0.3268113074043195,
                0.007693294041856271,
                0.007695963802553927,
                0.007693526464494472
            ],
            [
                0.008336760241464519,
                0.008336725342456105,
                0.008335741993417002,
                0.008333819857583243,
                0.6170639199104527,
                0.008334374211478517,
                0.31625325540654264,
                0.00833504525716327,
                0.008336404775353357,
                0.008333953004088509
            ],
            [
                0.3410707232908851,
                0.00714393981647098,
                0.007143513135457888,
                0.007145083062823911,
                0.007146454733154378,
                0.6017724911958438,
                0.007144306902151603,
                0.007144161275010963,
                0.0071443128951086815,
                0.007145013693092683
            ],
            [
                0.3410707232908851,
                0.00714393981647098,
                0.007143513135457888,
                0.007145083062823911,
                0.007146454733154378,
                0.6017724911958438,
                0.007144306902151603,
                0.007144161275010963,
                0.0071443128951086815,
                0.007145013693092683
            ],
            [
                0.00526394289849168,
                0.005264382389297194,
                0.1149837032039945,
                0.5580509458183162,
                0.005264721062185654,
                0.005264845099749145,
                0.2901136831555421,
                0.005264162164971165,
                0.005265140642527761,
                0.005264473564924791
            ],
            [
                0.00526394289849168,
                0.005264382389297194,
                0.1149837032039945,
                0.5580509458183162,
                0.005264721062185654,
                0.005264845099749145,
                0.2901136831555421,
                0.005264162164971165,
                0.005265140642527761,
                0.005264473564924791
            ],
            [
                0.005883854668402841,
                0.005883742980179365,
                0.0058839516990413935,
                0.0058830602508373325,
                0.9470490951353818,
                0.005882843147719727,
                0.0058833149861156715,
                0.005882790142554274,
                0.0058840320835145095,
                0.00588331490625322
            ],
            [
                0.006251705076725386,
                0.006251312663833444,
                0.006251722195356268,
                0.006250747726626293,
                0.9437397396196298,
                0.006250556519805892,
                0.006251092247291681,
                0.006250332614379578,
                0.0062518181888790965,
                0.006250973147472574
            ],
            [
                0.005883854668402841,
                0.005883742980179365,
                0.0058839516990413935,
                0.0058830602508373325,
                0.9470490951353818,
                0.005882843147719727,
                0.0058833149861156715,
                0.005882790142554274,
                0.0058840320835145095,
                0.00588331490625322
            ],
            [
                0.005883854668402841,
                0.005883742980179365,
                0.0058839516990413935,
                0.0058830602508373325,
                0.9470490951353818,
                0.005882843147719727,
                0.0058833149861156715,
                0.005882790142554274,
                0.0058840320835145095,
                0.00588331490625322
            ],
            [
                0.005883854668402841,
                0.005883742980179365,
                0.0058839516990413935,
                0.0058830602508373325,
                0.9470490951353818,
                0.005882843147719727,
                0.0058833149861156715,
                0.005882790142554274,
                0.0058840320835145095,
                0.00588331490625322
            ],
            [
                0.005883854668402841,
                0.005883742980179365,
                0.0058839516990413935,
                0.0058830602508373325,
                0.9470490951353818,
                0.005882843147719727,
                0.0058833149861156715,
                0.005882790142554274,
                0.0058840320835145095,
                0.00588331490625322
            ],
            [
                0.005883854668402841,
                0.005883742980179365,
                0.0058839516990413935,
                0.0058830602508373325,
                0.9470490951353818,
                0.005882843147719727,
                0.0058833149861156715,
                0.005882790142554274,
                0.0058840320835145095,
                0.00588331490625322
            ],
            [
                0.3784224541228582,
                0.01000225185735007,
                0.010000920665010689,
                0.010004432597063457,
                0.010001720150811624,
                0.010000817701282465,
                0.010001204891718744,
                0.010001186077040498,
                0.010001745384928646,
                0.5415632665519355
            ],
            [
                0.007143440277419445,
                0.007144408200654706,
                0.007146359679922333,
                0.007143885246143089,
                0.5560420338523203,
                0.007144271144080524,
                0.3868021026091971,
                0.007144207898890351,
                0.007144595018809045,
                0.007144696072563095
            ],
            [
                0.010003998253671343,
                0.010002750695955956,
                0.010001023628587256,
                0.01000158167938059,
                0.44137020719170517,
                0.010001682947899177,
                0.18594459338035166,
                0.010002236469788971,
                0.3026691010215189,
                0.010002824731141119
            ],
            [
                0.004762656255462938,
                0.0047629252866019985,
                0.004762503011659736,
                0.0047634248022806296,
                0.004763215880479978,
                0.2697316966606389,
                0.23571986084348767,
                0.004762873740503917,
                0.004763902916780697,
                0.4612069406021035
            ],
            [
                0.4566601290178887,
                0.01667001766506972,
                0.016666666728936276,
                0.40998407806034287,
                0.016668461386623593,
                0.016666666684467746,
                0.016670826940257195,
                0.016666944960085188,
                0.016673065737543777,
                0.016673142818784913
            ],
            [
                0.033333333340709585,
                0.03334004704814581,
                0.03334501636612764,
                0.03333679710016126,
                0.033337890620817885,
                0.03334334442471431,
                0.6999456623710195,
                0.03334160735978654,
                0.03333557232745175,
                0.033340729041065574
            ],
            [
                0.0076943224874809184,
                0.007693528173783468,
                0.007696763427941231,
                0.007694300438268104,
                0.007693812009300303,
                0.007694275370243685,
                0.3319175308287377,
                0.23088443403798292,
                0.007692719460436935,
                0.38333831376582483
            ],
            [
                0.00714383469931448,
                0.007143316375827428,
                0.007143369434548724,
                0.007145533958077696,
                0.007144776939629064,
                0.007145378773410425,
                0.007143934722820815,
                0.9357013929791239,
                0.00714340413343145,
                0.0071450579838160935
            ],
            [
                0.00714383469931448,
                0.007143316375827428,
                0.007143369434548724,
                0.007145533958077696,
                0.007144776939629064,
                0.007145378773410425,
                0.007143934722820815,
                0.9357013929791239,
                0.00714340413343145,
                0.0071450579838160935
            ],
            [
                0.008333915219210196,
                0.008333647081503994,
                0.008333967200716223,
                0.008334444585965078,
                0.008333677814176769,
                0.9249923042208469,
                0.008335452530036964,
                0.00833472730207245,
                0.00833343808396245,
                0.008334425961508936
            ],
            [
                0.008333915219210196,
                0.008333647081503994,
                0.008333967200716223,
                0.008334444585965078,
                0.008333677814176769,
                0.9249923042208469,
                0.008335452530036964,
                0.00833472730207245,
                0.00833343808396245,
                0.008334425961508936
            ],
            [
                0.008333915219210196,
                0.008333647081503994,
                0.008333967200716223,
                0.008334444585965078,
                0.008333677814176769,
                0.9249923042208469,
                0.008335452530036964,
                0.00833472730207245,
                0.00833343808396245,
                0.008334425961508936
            ],
            [
                0.008333915219210196,
                0.008333647081503994,
                0.008333967200716223,
                0.008334444585965078,
                0.008333677814176769,
                0.9249923042208469,
                0.008335452530036964,
                0.00833472730207245,
                0.00833343808396245,
                0.008334425961508936
            ],
            [
                0.008333915219210196,
                0.008333647081503994,
                0.008333967200716223,
                0.008334444585965078,
                0.008333677814176769,
                0.9249923042208469,
                0.008335452530036964,
