{
    "topic_word_count": {
        "topic0": [
            {
                "word": "city",
                "count": 70
            },
            {
                "word": "york_city",
                "count": 48
            },
            {
                "word": "people",
                "count": 71
            },
            {
                "word": "mayor",
                "count": 26
            },
            {
                "word": "day",
                "count": 62
            },
            {
                "word": "guidelines",
                "count": 31
            },
            {
                "word": "coronavirus",
                "count": 143
            },
            {
                "word": "said",
                "count": 95
            },
            {
                "word": "friday",
                "count": 46
            },
            {
                "word": "open",
                "count": 37
            }
        ],
        "topic1": [
            {
                "word": "covid",
                "count": 92
            },
            {
                "word": "covid_19",
                "count": 82
            },
            {
                "word": "city",
                "count": 70
            },
            {
                "word": "york_city",
                "count": 48
            },
            {
                "word": "said",
                "count": 95
            },
            {
                "word": "people",
                "count": 71
            },
            {
                "word": "spread",
                "count": 27
            },
            {
                "word": "reopening",
                "count": 34
            },
            {
                "word": "coronavirus",
                "count": 143
            },
            {
                "word": "restrictions",
                "count": 32
            }
        ],
        "topic2": [
            {
                "word": "coronavirus",
                "count": 143
            },
            {
                "word": "pandemic",
                "count": 52
            },
            {
                "word": "city",
                "count": 70
            },
            {
                "word": "york_city",
                "count": 48
            },
            {
                "word": "spread",
                "count": 27
            },
            {
                "word": "open",
                "count": 37
            },
            {
                "word": "state",
                "count": 90
            },
            {
                "word": "people",
                "count": 71
            },
            {
                "word": "states",
                "count": 47
            },
            {
                "word": "covid_19",
                "count": 82
            }
        ],
        "topic3": [
            {
                "word": "said",
                "count": 95
            },
            {
                "word": "reopen",
                "count": 42
            },
            {
                "word": "states",
                "count": 47
            },
            {
                "word": "friday",
                "count": 46
            },
            {
                "word": "coronavirus",
                "count": 143
            },
            {
                "word": "restrictions",
                "count": 32
            },
            {
                "word": "open",
                "count": 37
            },
            {
                "word": "mayor",
                "count": 26
            },
            {
                "word": "day",
                "count": 62
            },
            {
                "word": "reopening",
                "count": 34
            }
        ],
        "topic4": [
            {
                "word": "people",
                "count": 71
            },
            {
                "word": "coronavirus",
                "count": 143
            },
            {
                "word": "said",
                "count": 95
            },
            {
                "word": "pandemic",
                "count": 52
            },
            {
                "word": "states",
                "count": 47
            },
            {
                "word": "guidelines",
                "count": 31
            },
            {
                "word": "reopening",
                "count": 34
            },
            {
                "word": "friday",
                "count": 46
            },
            {
                "word": "state",
                "count": 90
            },
            {
                "word": "mayor",
                "count": 26
            }
        ],
        "topic5": [
            {
                "word": "covid",
                "count": 92
            },
            {
                "word": "covid_19",
                "count": 82
            },
            {
                "word": "state",
                "count": 90
            },
            {
                "word": "guidelines",
                "count": 31
            },
            {
                "word": "coronavirus",
                "count": 143
            },
            {
                "word": "pandemic",
                "count": 52
            },
            {
                "word": "reopen",
                "count": 42
            },
            {
                "word": "said",
                "count": 95
            },
            {
                "word": "states",
                "count": 47
            },
            {
                "word": "open",
                "count": 37
            }
        ],
        "topic6": [
            {
                "word": "said",
                "count": 95
            },
            {
                "word": "coronavirus",
                "count": 143
            },
            {
                "word": "state",
                "count": 90
            },
            {
                "word": "city",
                "count": 70
            },
            {
                "word": "spread",
                "count": 27
            },
            {
                "word": "day",
                "count": 62
            },
            {
                "word": "york_city",
                "count": 48
            },
            {
                "word": "guidelines",
                "count": 31
            },
            {
                "word": "mayor",
                "count": 26
            },
            {
                "word": "pandemic",
                "count": 52
            }
        ],
        "topic7": [
            {
                "word": "state",
                "count": 90
            },
            {
                "word": "reopening",
                "count": 34
            },
            {
                "word": "pandemic",
                "count": 52
            },
            {
                "word": "spread",
                "count": 27
            },
            {
                "word": "states",
                "count": 47
            },
            {
                "word": "coronavirus",
                "count": 143
            },
            {
                "word": "covid",
                "count": 92
            },
            {
                "word": "covid_19",
                "count": 82
            },
            {
                "word": "restrictions",
                "count": 32
            },
            {
                "word": "friday",
                "count": 46
            }
        ],
        "topic8": [
            {
                "word": "day",
                "count": 62
            },
            {
                "word": "friday",
                "count": 46
            },
            {
                "word": "covid_19",
                "count": 82
            },
            {
                "word": "covid",
                "count": 92
            },
            {
                "word": "state",
                "count": 90
            },
            {
                "word": "coronavirus",
                "count": 143
            },
            {
                "word": "people",
                "count": 71
            },
            {
                "word": "mayor",
                "count": 26
            },
            {
                "word": "restrictions",
                "count": 32
            },
            {
                "word": "said",
                "count": 95
            }
        ],
        "topic9": [
            {
                "word": "day",
                "count": 62
            },
            {
                "word": "state",
                "count": 90
            },
            {
                "word": "open",
                "count": 37
            },
            {
                "word": "coronavirus",
                "count": 143
            },
            {
                "word": "restrictions",
                "count": 32
            },
            {
                "word": "people",
                "count": 71
            },
            {
                "word": "friday",
                "count": 46
            },
            {
                "word": "covid",
                "count": 92
            },
            {
                "word": "city",
                "count": 70
            },
            {
                "word": "york_city",
                "count": 48
            }
        ]
    },
    "data": {
        "vocab": [
            "city",
            "coronavirus",
            "covid",
            "covid_19",
            "day",
            "friday",
            "guidelines",
            "mayor",
            "open",
            "pandemic",
            "people",
            "reopen",
            "reopening",
            "restrictions",
            "said",
            "spread",
            "state",
            "states",
            "york_city"
        ],
        "freq": [
            70,
            143,
            92,
            82,
            62,
            46,
            31,
            26,
            37,
            52,
            71,
            42,
            34,
            32,
            95,
            27,
            90,
            47,
            48
        ],
        "topic_term_dists": [
            [
                0.26134320112482284,
                0.06990386851523193,
                0.0007126720374878034,
                0.0007126747278525292,
                0.09454706323348763,
                0.05842304693790242,
                0.07083970549760038,
                0.09576906408750922,
                0.025811228400748534,
                0.0007126949496049147,
                0.0992850252023332,
                0.0007126447981777133,
                0.0007126328426077943,
                0.0007126781985536077,
                0.06788615525824448,
                0.000712821836182257,
                0.0007197514416042451,
                0.0007126204451794798,
                0.14977045046486895
            ],
            [
                0.16019170632434904,
                0.0011820866014148547,
                0.2319058440819079,
                0.21182679881831856,
                0.0011819778135572564,
                0.0011819203282029795,
                0.00118189281442602,
                0.0011819095494134838,
                0.0011819591339936521,
                0.0011819932330461914,
                0.062149003788852596,
                0.0011818928139406843,
                0.053292233350125534,
                0.001182027249288094,
                0.06303027054942999,
                0.06027687408262789,
                0.0011819215166369772,
                0.0011818928160730537,
                0.14432579513439528
            ],
            [
                0.13362789816844572,
                0.4517897760362795,
                0.001178002956335032,
                0.0011780112232068892,
                0.0011779374245412882,
                0.001177938130892173,
                0.0011779225638443502,
                0.0011779101104276888,
                0.018515010284411687,
                0.2036432854991864,
                0.0011781549133124886,
                0.0011779630556011953,
                0.0011779900339848016,
                0.0011778723842384522,
                0.0011779135605306686,
                0.061289435160986644,
                0.007220302303626102,
                0.0011780394890239664,
                0.10977863670112481
            ],
            [
                0.0005226733526294881,
                0.08520746176162257,
                0.0005226631415230063,
                0.0005226603820631898,
                0.051903452732945055,
                0.09989203026705783,
                0.0005226758364472085,
                0.06074425942889582,
                0.06494010828550095,
                0.0005226634728980197,
                0.000522679806812978,
                0.1782204424703722,
                0.011469834380171845,
                0.07273010717488773,
                0.22217799017363019,
                0.0005226656239363113,
                0.000522692138501076,
                0.14801025319601002,
                0.000522686374094511
            ],
            [
                0.000923733713625276,
                0.3040615354599724,
                0.0009238332104472513,
                0.0009238321097544966,
                0.0009237888635771943,
                0.011557725127702038,
                0.039984954330305744,
                0.0009239449777423191,
                0.0009237250090881867,
                0.049552042168169164,
                0.41342220917416556,
                0.0009238372408739166,
                0.017455044733866224,
                0.0009238781168067554,
                0.09829162049120589,
                0.0009237854558798654,
                0.01143964209622077,
                0.044997157072353425,
                0.0009237106482433926
            ],
            [
                0.0005545460728602939,
                0.07066667973302222,
                0.2776208987521098,
                0.2659901665499853,
                0.0005545964803694223,
                0.0005545366537058945,
                0.08373485196539604,
                0.0005545518317126891,
                0.017669655169885223,
                0.05100884743483891,
                0.0005545588982102129,
                0.04491658375416754,
                0.0005546120945900657,
                0.000554554917177396,
                0.04491332053288562,
                0.004424181481275694,
                0.10829767735511353,
                0.026320634249741164,
                0.000554546072953025
            ],
            [
                0.08632651481237943,
                0.17556637438111292,
                0.0019241816332808879,
                0.0019241368400016877,
                0.05716651943815344,
                0.001924358848733562,
                0.039065056472765404,
                0.002442471367989868,
                0.0019243782214261294,
                0.0019244888381609714,
                0.001924257842098083,
                0.001924136838056513,
                0.001924472665256101,
                0.0019241702922327046,
                0.3750005031701012,
                0.07310515927496407,
                0.12270430973624091,
                0.001924136843777394,
                0.04938037248326876
            ],
            [
                0.000729025558945359,
                0.06408402365997087,
                0.057837171625099576,
                0.04828542307869234,
                0.0007290105803590634,
                0.008970003504390195,
                0.000729027744996507,
                0.0007290102876741233,
                0.0007290458571180915,
                0.1497892964726146,
                0.0007290584765297271,
                0.0007290733477064509,
                0.18812443735594625,
                0.03208480748004165,
                0.0007291075822155255,
                0.07726732911045675,
                0.29801779997568856,
                0.06897830653265245,
                0.000729041768901827
            ],
            [
                0.0017090555800173086,
                0.03201182899372287,
                0.16867721137143102,
                0.16897483644009656,
                0.2806285111603511,
                0.1942622804174997,
                0.001709064089561405,
                0.02069865203171531,
                0.0017090376165149648,
                0.0017092863954307662,
                0.030310086001772697,
                0.0017092004076154335,
                0.0017091787656072855,
                0.019577142755742738,
                0.0017093078680551395,
                0.001708998127789068,
                0.06776809866175718,
                0.0017091637237354356,
                0.0017090595915840538
            ],
            [
                0.04090043110330613,
                0.12877238205083866,
                0.04615362878426006,
                0.0009211783026822686,
                0.18338047730353926,
                0.05010353963514108,
                0.0009210881073851513,
                0.0009210709986404482,
                0.153765175205963,
                0.0009210989318279621,
                0.0532170351175284,
                0.0009210878709179862,
                0.0009211001642245016,
                0.11916030600026002,
                0.0009212040259297064,
                0.019341909747351112,
                0.16665934841233368,
                0.0009210710013995257,
                0.03117686723647111
            ]
        ],
        "doc_topic_dists": [
            [
                0.6509636970887477,
                0.0083361419377213,
                0.008335971428368569,
                0.008334059700961235,
                0.00833448132614,
                0.2823535017614592,
                0.008335358257090364,
                0.00833626044766443,
                0.00833502764310439,
                0.008335500408743002
            ],
            [
                0.03333581979456024,
                0.03333333336065694,
                0.30476309958921394,
                0.03333642563293549,
                0.033344887109953286,
                0.03334011662114804,
                0.03334419086645998,
                0.4285209615902805,
                0.03333663289585171,
                0.03334453253893974
            ],
            [
                0.03333581979456024,
                0.03333333336065694,
                0.30476309958921394,
                0.03333642563293549,
                0.033344887109953286,
                0.03334011662114804,
                0.03334419086645998,
                0.4285209615902805,
                0.03333663289585171,
                0.03334453253893974
            ],
            [
                0.012507108125070995,
                0.012500577035036492,
                0.012500839204962736,
                0.012508944415948797,
                0.8874588505927584,
                0.01250166404438504,
                0.01250300224869328,
                0.0125005460746167,
                0.012514543673293292,
                0.01250392458523428
            ],
            [
                0.016667219927201344,
                0.01667296250461351,
                0.4764435162161621,
                0.016667354654925214,
                0.016669168387728077,
                0.3901998216353258,
                0.016670399279091308,
                0.016670838054949573,
                0.016670065685161713,
                0.016668653654841527
            ],
            [
                0.7895431566990789,
                0.006668204610312361,
                0.006668866886212868,
                0.006668117966244938,
                0.006667401623021172,
                0.006666885915454058,
                0.15711144529068635,
                0.006668027340459933,
                0.006669382874020271,
                0.006668510794508975
            ],
            [
                0.008336135728893777,
                0.5115348752249066,
                0.42178637022919524,
                0.008333533343146158,
                0.008337382908869947,
                0.008334723043461256,
                0.008334292086451789,
                0.0083340798766706,
                0.00833422153275759,
                0.008334386025646977
            ],
            [
                0.014286613743819948,
                0.014286131914289277,
                0.014291454753469905,
                0.014287849442658353,
                0.014289048148372136,
                0.014288070130374145,
                0.5223542432853329,
                0.3633422464051381,
                0.014286394693299412,
                0.014287947483245899
            ],
            [
                0.6903378942705076,
                0.010001647599290658,
                0.229648279537454,
                0.010000449189626996,
                0.010005099328434483,
                0.010000559968463761,
                0.010001119747843743,
                0.010001349981249774,
                0.010001671346743474,
                0.010001929030385518
            ],
            [
                0.014287613647725675,
                0.014287967308963439,
                0.014293879643070457,
                0.014290593218657218,
                0.01429152785269823,
                0.8713864657999235,
                0.01429514799949728,
                0.01429109650659768,
                0.01428732178824496,
                0.01428838623462147
            ],
            [
                0.050003377793165674,
                0.05000000001793365,
                0.5499531268723812,
                0.05000420078581347,
                0.05001669639457352,
                0.05000345349540602,
                0.05000851127569353,
                0.05000307773916226,
                0.05000122445647061,
                0.0500063311694001
            ],
            [
                0.050003377793165674,
                0.05000000001793365,
                0.5499531268723812,
                0.05000420078581347,
                0.05001669639457352,
                0.05000345349540602,
                0.05000851127569353,
                0.05000307773916226,
                0.05000122445647061,
                0.0500063311694001
            ],
            [
                0.4967328061605201,
                0.00833546528852097,
                0.43658986420081963,
                0.00833370090332062,
                0.008335932484935098,
                0.00833411222785079,
                0.008335272068075246,
                0.00833516456029222,
                0.008333527292381118,
                0.00833415481328426
            ],
            [
                0.43520111933430283,
                0.008334918529897394,
                0.008335502515507855,
                0.00833447444256809,
                0.008334166864851616,
                0.008333993518594629,
                0.49812079746315535,
                0.00833514586026144,
                0.008334669557219622,
                0.008335211913641146
            ],
            [
                0.009091526894038799,
                0.009092367567330478,
                0.009095710226417907,
                0.009092383939595753,
                0.009093834514216933,
                0.009093374505483517,
                0.00909303937496379,
                0.9181615579570547,
                0.009092259429755443,
                0.00909394559114262
            ],
            [
                0.011113540039503466,
                0.0111136087333713,
                0.011113450021334082,
                0.5154026523109341,
                0.3956801826901833,
                0.01111188959551847,
                0.011114800827410039,
                0.011119345679319818,
                0.011115736264261879,
                0.011114793838163523
            ],
            [
                0.025000834303545844,
                0.02500074355370202,
                0.025000000033018603,
                0.7749769948266376,
                0.025001216336676884,
                0.025000546203574357,
                0.025004773963976216,
                0.02500231640548919,
                0.02500097241006301,
                0.025011601963316085
            ],
            [
                0.008333333340523417,
                0.008335687956800602,
                0.008333830995330731,
                0.008334971033327386,
                0.008333739690122455,
                0.008336331777861337,
                0.0083337175411247,
                0.9249885621057184,
                0.008335066053110284,
                0.008334759506080642
            ],
            [
                0.008333333340523417,
                0.008335687956800602,
                0.008333830995330731,
                0.008334971033327386,
                0.008333739690122455,
                0.008336331777861337,
                0.0083337175411247,
                0.9249885621057184,
                0.008335066053110284,
                0.008334759506080642
            ],
            [
                0.012502080982562903,
                0.012501426695982552,
                0.012507130576480698,
                0.012502063148955907,
                0.01250331090129752,
                0.5655113042947919,
                0.012501936279486148,
                0.012503961152054209,
                0.012504001881992403,
                0.3344627840863958
            ],
            [
                0.016669700887169674,
                0.8499634267974475,
                0.01666776275262306,
                0.016670788260776465,
                0.01667788519918453,
                0.01667017820933777,
                0.016674860743050104,
                0.01666860932706509,
                0.016668699576578985,
                0.016668088246766626
            ],
            [
                0.00909238671109603,
                0.009091656083698735,
                0.009092605710816012,
                0.00909196527022849,
                0.18614022151398282,
                0.009092371544964287,
                0.7411230522077354,
                0.009092404040642973,
                0.00909125994979872,
                0.00909207696703656
            ],
            [
                0.009092763905176255,
                0.009093292024952565,
                0.009094045312306396,
                0.009092647407425002,
                0.00909405147586658,
                0.009091169786855438,
                0.009093932129078004,
                0.009093892098920529,
                0.009094749064307196,
                0.9181594567951121
            ],
            [
                0.01429153349117963,
                0.014289682888372103,
                0.5398580574636108,
                0.014285911820842368,
                0.1887465092925156,
                0.014288028699802526,
                0.014289448790654278,
                0.17137349230350568,
                0.014287113899403465,
                0.014290221350113513
            ],
            [
                0.6648033903670679,
                0.26850958906472244,
                0.008336387166994549,
                0.00833632397588017,
                0.008335241090075076,
                0.008336315436699401,
                0.008335898893804872,
                0.008334081999409134,
                0.008335983523791422,
                0.00833678848155502
            ],
            [
                0.011113275729545367,
                0.011113103600818611,
                0.011117243547118802,
                0.011116257877849443,
                0.011115934680237803,
                0.8999651993114386,
                0.01111706902119019,
                0.011112205159020887,
                0.01111246249156145,
                0.011117248581218937
            ],
            [
                0.006667630490715512,
                0.006666780946308175,
                0.006667487058619939,
                0.9399923591029021,
                0.006667486951060373,
                0.006667022825932654,
                0.0066678400611087565,
                0.006666980935901953,
                0.006668143625654508,
                0.006668268001795839
            ],
            [
                0.006667630490715512,
                0.006666780946308175,
                0.006667487058619939,
                0.9399923591029021,
                0.006667486951060373,
                0.006667022825932654,
                0.0066678400611087565,
                0.006666980935901953,
                0.006668143625654508,
                0.006668268001795839
            ],
            [
                0.006667630490715512,
                0.006666780946308175,
                0.006667487058619939,
                0.9399923591029021,
                0.006667486951060373,
                0.006667022825932654,
                0.0066678400611087565,
                0.006666980935901953,
                0.006668143625654508,
                0.006668268001795839
            ],
            [
                0.006667630490715512,
                0.006666780946308175,
                0.006667487058619939,
                0.9399923591029021,
                0.006667486951060373,
                0.006667022825932654,
                0.0066678400611087565,
                0.006666980935901953,
                0.006668143625654508,
                0.006668268001795839
            ],
            [
                0.006667630490715512,
                0.006666780946308175,
                0.006667487058619939,
                0.9399923591029021,
                0.006667486951060373,
                0.006667022825932654,
                0.0066678400611087565,
                0.006666980935901953,
                0.006668143625654508,
                0.006668268001795839
            ],
            [
                0.006667630490715512,
                0.006666780946308175,
                0.006667487058619939,
                0.9399923591029021,
                0.006667486951060373,
                0.006667022825932654,
                0.0066678400611087565,
                0.006666980935901953,
                0.006668143625654508,
                0.006668268001795839
            ],
            [
                0.0062508258560599285,
                0.006251749719544634,
                0.006250872643220676,
                0.7261151877768904,
                0.00625088606693489,
                0.006252370576308597,
                0.006251218676494517,
                0.00625071058637182,
                0.22387478490632787,
                0.00625139319184671
            ],
            [
                0.007143971773645328,
                0.007142989291556308,
                0.007143805890253086,
                0.9357056369697003,
                0.007143805766411476,
                0.007143228504341975,
                0.00714421220091065,
                0.007143220560891428,
                0.007144559160158189,
                0.007144569882131173
            ],
            [
                0.012501272583624526,
                0.01250359525641594,
                0.012500972048556554,
                0.012503356838362394,
                0.6901950216588012,
                0.012500659291859144,
                0.20978391771157218,
                0.012510624955058683,
                0.012500133257084291,
                0.012500446398664935
            ],
            [
                0.009092978261342633,
                0.009091647624397419,
                0.009092898084074427,
                0.009091859436433942,
                0.009092578018558664,
                0.009092546330615727,
                0.9181693729198027,
                0.009092570372710586,
                0.009091285307980946,
                0.009092263644082835
            ],
            [
                0.014289832209135319,
                0.014287640035644597,
                0.8714039200387286,
                0.014289613043698022,
                0.014286903125648585,
                0.0142869967769832,
                0.014287032459789809,
                0.014286477947396467,
                0.01428579588917833,
                0.014295788473797082
            ],
            [
                0.007693786452009407,
                0.4801985646559989,
                0.4582507800418836,
                0.007692539364287543,
                0.007696241731969825,
                0.007694706398395065,
                0.007692955853989309,
                0.007693458399102252,
                0.007693722679717876,
                0.007693244422646172
            ],
            [
                0.007143583078758064,
                0.007144217696330207,
                0.007146006436653307,
                0.007143759624024535,
                0.007145001895656475,
                0.007146182982678548,
                0.00714441021290123,
                0.00714444000613611,
                0.9356977338037075,
                0.007144664263154101
            ],
            [
                0.37352699607829964,
                0.009092385731416379,
                0.009093621212810028,
                0.5537316366984754,
                0.0090932514846086,
                0.009092554780969802,
                0.00909440422742018,
                0.009091576591415669,
                0.009091001713201164,
                0.009092571481383123
            ],
            [
                0.007144862619345487,
                0.007142857157701366,
                0.007145829974250626,
                0.00714621892226972,
                0.007144888751205744,
                0.00714383024137371,
                0.007144311951089532,
                0.9356925550118262,
                0.007148859676531709,
                0.007145785694405944
            ],
            [
                0.009092023118811111,
                0.009093390997157027,
                0.009092315266474717,
                0.009092435090861328,
                0.5501092162651633,
                0.009094920113107178,
                0.009094662082580285,
                0.009094635818204494,
                0.37714256506824834,
                0.009093836179392242
            ],
            [
                0.0333382581246504,
                0.033333333371732485,
                0.033386905378517726,
                0.6998846959160705,
                0.03335569799541786,
                0.03333984298940714,
                0.033345757590521705,
                0.03333782032672754,
                0.033335117673664545,
                0.03334257063329013
            ],
            [
                0.0333382581246504,
                0.033333333371732485,
                0.033386905378517726,
                0.6998846959160705,
                0.03335569799541786,
                0.03333984298940714,
                0.033345757590521705,
                0.03333782032672754,
                0.033335117673664545,
                0.03334257063329013
            ],
            [
                0.016668997119317214,
                0.016671202337368532,
                0.016666666695432823,
                0.01666700152274147,
                0.016668385036302115,
                0.6713372943720751,
                0.01666770863912019,
                0.1953175877795894,
                0.016668285740415976,
                0.01666687075763714
            ],
            [
                0.016668997119317214,
                0.016671202337368532,
                0.016666666695432823,
                0.01666700152274147,
                0.016668385036302115,
                0.6713372943720751,
                0.01666770863912019,
                0.1953175877795894,
                0.016668285740415976,
                0.01666687075763714
            ],
            [
                0.02000733039024464,
                0.2898337013879962,
                0.020003704476869454,
                0.020002183433079426,
                0.02000000002173056,
                0.02000568029021511,
                0.020001959178253922,
                0.02000101557720684,
                0.020003017948814563,
                0.5501414072955894
            ],
            [
                0.014285714300879299,
                0.014286934236938071,
                0.014285752354822722,
                0.014293574092286843,
                0.014287120513218024,
                0.8714054126200733,
                0.01428735194254482,
                0.014292494250592098,
                0.014287482432044238,
                0.014288163256600603
            ],
            [
                0.014285714298712848,
                0.014288156706494677,
                0.014285714307266193,
                0.014294566351673118,
                0.014287016220120031,
                0.8714112651909343,
                0.014285714321011648,
                0.01428837489656824,
                0.014287533531484748,
                0.014285944175734278
            ],
            [
                0.008335487464471257,
                0.00833701013001835,
                0.4684645756432891,
                0.008334164265805992,
                0.008334446340080804,
                0.008336632205912468,
                0.00833464384365642,
                0.23730800191566015,
                0.2358801435980447,
                0.008334894593060964
            ],
            [
                0.012501008763556325,
                0.012500398787261781,
                0.012503056145371316,
                0.5058141686196602,
                0.39417321141042766,
                0.012500893761135567,
                0.012502467978642883,
                0.012501615633695555,
                0.012500418305242567,
                0.012502760595006055
            ],
            [
                0.40958575300703914,
                0.014288795182885967,
                0.014287873261444806,
                0.4761151258529746,
                0.014286226120741102,
                0.014286302180203454,
                0.01428875327897077,
                0.014286320921762314,
                0.014286112882811175,
                0.014288737311166613
            ],
            [
                0.016676264072291717,
                0.01667270060214035,
                0.016674155865183646,
                0.01666784006600841,
                0.016668941850830864,
                0.016668223299578823,
                0.8499644246640609,
                0.016669840545989262,
                0.016667385564453865,
                0.0166702234694619
            ],
            [
                0.020001611743786375,
                0.020002654491883473,
                0.020010905368013397,
                0.0200146149198889,
                0.020010154429497325,
                0.8199435032505781,
                0.0200040616712583,
                0.02000665942302923,
                0.020002562806900364,
                0.020003271895164435
            ],
            [
                0.010000744217612571,
                0.010000509260773192,
                0.010002290086674137,
                0.43810966656244743,
                0.010001885351275773,
                0.010001042564641592,
                0.010001118385254307,
                0.48187974991098337,
                0.010001643072844263,
