{
    "topic_word_count": {
        "topic0": [
            {
                "word": "said",
                "count": 81
            },
            {
                "word": "coronavirus",
                "count": 166
            },
            {
                "word": "people",
                "count": 131
            },
            {
                "word": "guidelines",
                "count": 37
            },
            {
                "word": "pandemic",
                "count": 113
            },
            {
                "word": "public",
                "count": 48
            },
            {
                "word": "covid_19",
                "count": 89
            },
            {
                "word": "covid",
                "count": 91
            },
            {
                "word": "distancing_guidelines",
                "count": 31
            },
            {
                "word": "coronavirus_pandemic",
                "count": 59
            }
        ],
        "topic1": [
            {
                "word": "people",
                "count": 131
            },
            {
                "word": "police",
                "count": 42
            },
            {
                "word": "brooklyn",
                "count": 51
            },
            {
                "word": "york_city",
                "count": 47
            },
            {
                "word": "city",
                "count": 69
            },
            {
                "word": "coronavirus",
                "count": 166
            },
            {
                "word": "department",
                "count": 26
            },
            {
                "word": "black",
                "count": 27
            },
            {
                "word": "march",
                "count": 44
            },
            {
                "word": "pandemic",
                "count": 113
            }
        ],
        "topic2": [
            {
                "word": "coronavirus",
                "count": 166
            },
            {
                "word": "pandemic",
                "count": 113
            },
            {
                "word": "coronavirus_pandemic",
                "count": 59
            },
            {
                "word": "state",
                "count": 38
            },
            {
                "word": "city",
                "count": 69
            },
            {
                "word": "police",
                "count": 42
            },
            {
                "word": "public",
                "count": 48
            },
            {
                "word": "york_city",
                "count": 47
            },
            {
                "word": "march",
                "count": 44
            },
            {
                "word": "health",
                "count": 28
            }
        ],
        "topic3": [
            {
                "word": "black",
                "count": 27
            },
            {
                "word": "march",
                "count": 44
            },
            {
                "word": "said",
                "count": 81
            },
            {
                "word": "covid_19",
                "count": 89
            },
            {
                "word": "covid",
                "count": 91
            },
            {
                "word": "people",
                "count": 131
            },
            {
                "word": "department",
                "count": 26
            },
            {
                "word": "police",
                "count": 42
            },
            {
                "word": "coronavirus",
                "count": 166
            },
            {
                "word": "state",
                "count": 38
            }
        ],
        "topic4": [
            {
                "word": "coronavirus",
                "count": 166
            },
            {
                "word": "pandemic",
                "count": 113
            },
            {
                "word": "covid_19",
                "count": 89
            },
            {
                "word": "covid",
                "count": 91
            },
            {
                "word": "people",
                "count": 131
            },
            {
                "word": "march",
                "count": 44
            },
            {
                "word": "health",
                "count": 28
            },
            {
                "word": "coronavirus_pandemic",
                "count": 59
            },
            {
                "word": "york_city",
                "count": 47
            },
            {
                "word": "city",
                "count": 69
            }
        ],
        "topic5": [
            {
                "word": "city",
                "count": 69
            },
            {
                "word": "york_city",
                "count": 47
            },
            {
                "word": "health",
                "count": 28
            },
            {
                "word": "coronavirus",
                "count": 166
            },
            {
                "word": "covid_19",
                "count": 89
            },
            {
                "word": "covid",
                "count": 91
            },
            {
                "word": "people",
                "count": 131
            },
            {
                "word": "march",
                "count": 44
            },
            {
                "word": "public",
                "count": 48
            },
            {
                "word": "announced",
                "count": 29
            }
        ],
        "topic6": [
            {
                "word": "covid",
                "count": 91
            },
            {
                "word": "covid_19",
                "count": 89
            },
            {
                "word": "coronavirus",
                "count": 166
            },
            {
                "word": "announced",
                "count": 29
            },
            {
                "word": "said",
                "count": 81
            },
            {
                "word": "health",
                "count": 28
            },
            {
                "word": "guidelines",
                "count": 37
            },
            {
                "word": "york_city",
                "count": 47
            },
            {
                "word": "city",
                "count": 69
            },
            {
                "word": "people",
                "count": 131
            }
        ],
        "topic7": [
            {
                "word": "state",
                "count": 38
            },
            {
                "word": "covid",
                "count": 91
            },
            {
                "word": "covid_19",
                "count": 89
            },
            {
                "word": "said",
                "count": 81
            },
            {
                "word": "coronavirus",
                "count": 166
            },
            {
                "word": "people",
                "count": 131
            },
            {
                "word": "practice_social",
                "count": 26
            },
            {
                "word": "practice",
                "count": 26
            },
            {
                "word": "department",
                "count": 26
            },
            {
                "word": "announced",
                "count": 29
            }
        ],
        "topic8": [
            {
                "word": "coronavirus",
                "count": 166
            },
            {
                "word": "pandemic",
                "count": 113
            },
            {
                "word": "public",
                "count": 48
            },
            {
                "word": "coronavirus_pandemic",
                "count": 59
            },
            {
                "word": "guidelines",
                "count": 37
            },
            {
                "word": "march",
                "count": 44
            },
            {
                "word": "practice_social",
                "count": 26
            },
            {
                "word": "practice",
                "count": 26
            },
            {
                "word": "health",
                "count": 28
            },
            {
                "word": "people",
                "count": 131
            }
        ],
        "topic9": [
            {
                "word": "pandemic",
                "count": 113
            },
            {
                "word": "brooklyn",
                "count": 51
            },
            {
                "word": "people",
                "count": 131
            },
            {
                "word": "practice_social",
                "count": 26
            },
            {
                "word": "practice",
                "count": 26
            },
            {
                "word": "department",
                "count": 26
            },
            {
                "word": "coronavirus",
                "count": 166
            },
            {
                "word": "public",
                "count": 48
            },
            {
                "word": "march",
                "count": 44
            },
            {
                "word": "guidelines",
                "count": 37
            }
        ]
    },
    "data": {
        "vocab": [
            "announced",
            "black",
            "brooklyn",
            "city",
            "coronavirus",
            "coronavirus_pandemic",
            "covid",
            "covid_19",
            "department",
            "distancing_guidelines",
            "guidelines",
            "health",
            "march",
            "pandemic",
            "people",
            "police",
            "practice",
            "practice_social",
            "public",
            "said",
            "state",
            "york_city"
        ],
        "freq": [
            29,
            27,
            51,
            69,
            166,
            59,
            91,
            89,
            26,
            31,
            37,
            28,
            44,
            113,
            131,
            42,
            26,
            26,
            48,
            81,
            38,
            47
        ],
        "topic_term_dists": [
            [
                0.000506959022760081,
                0.0005069501446098261,
                0.0005069681473337062,
                0.0005069652869050087,
                0.1019390820601558,
                0.054616379860862894,
                0.07156408039366564,
                0.07161785817772381,
                0.0005070440645198199,
                0.061340871483480164,
                0.07457557786760004,
                0.0005070383678579621,
                0.0005069615812244491,
                0.0739850153000512,
                0.09734866633563015,
                0.0005069698079710966,
                0.0005069501451189317,
                0.0005069501451189317,
                0.07280240478793823,
                0.3141263762479869,
                0.0005069646773586746,
                0.0005069660941266341
            ],
            [
                0.0010185583308735054,
                0.03268255975794091,
                0.12324438043478092,
                0.08112882990276206,
                0.05109609179447069,
                0.0010185843334471415,
                0.0010186033674054805,
                0.0010185980925630682,
                0.041759631001148975,
                0.001018547486282486,
                0.0010185629330500899,
                0.0010186339264754989,
                0.0010187014315299634,
                0.00101864171725575,
                0.3962022513614354,
                0.17417229711749949,
                0.0010185474874860841,
                0.0010185474874860841,
                0.001018605106765434,
                0.0010186013219812015,
                0.0010185958205855205,
                0.08545362978677419
            ],
            [
                0.0013034531631481686,
                0.0013034531597656193,
                0.0013035737199019732,
                0.09886401919950713,
                0.2243865495513119,
                0.15171664660120054,
                0.0013035762825043457,
                0.0013035779911193576,
                0.001303453165847995,
                0.0013034531611323483,
                0.0013035245088585492,
                0.001303606095971833,
                0.01433694744782236,
                0.2107911110067758,
                0.0013034982233443607,
                0.0795105345085181,
                0.0013034531631169674,
                0.0013034531631169674,
                0.0534431220216112,
                0.0013034866775411549,
                0.13109032367536047,
                0.01891518351252279
            ],
            [
                0.012902765912856882,
                0.6440515897940559,
                0.012902765618508132,
                0.01290320209272559,
                0.012904462976039494,
                0.012902766143741565,
                0.014363757295937819,
                0.015261658571866588,
                0.012914073066573372,
                0.012902765728293889,
                0.012902766119799146,
                0.012902766310889342,
                0.07122858871312146,
                0.01290276647120114,
                0.013870315790506309,
                0.012905209578359006,
                0.012902765909816524,
                0.012902765909816524,
                0.012902766855768834,
                0.03476215878911205,
                0.012903888046430802,
                0.012903434304579508
            ],
            [
                0.0004322290150915015,
                0.00043222901472051166,
                0.00043222901473843347,
                0.02363018630872214,
                0.17263421870128298,
                0.060023505609366624,
                0.14774130353560885,
                0.1478654238471146,
                0.00043222901538704733,
                0.00043224743413021737,
                0.0004322441282682765,
                0.06526658624262624,
                0.07781795967414223,
                0.151055523924051,
                0.08854725493344222,
                0.0004322290150078455,
                0.00043222901508731655,
                0.00043222901508731655,
                0.014775296397904323,
                0.000432257106618323,
                0.02222869897096917,
                0.0240916900806329
            ],
            [
                0.016038610708991295,
                0.0007637700347945913,
                0.0007638032798250987,
                0.3695278606807968,
                0.06757956029280181,
                0.0007638016838267989,
                0.05560271496093091,
                0.055641370092414134,
                0.016038448551197036,
                0.0007637607570097831,
                0.0007638425863176096,
                0.0740532184510088,
                0.020959245023929766,
                0.0007638654754981586,
                0.05299984866800851,
                0.0007637607574408624,
                0.0007637901977541493,
                0.0007637901977541493,
                0.019250822544742335,
                0.0007638675475337342,
                0.000763781442994903,
                0.24390646606442873
            ],
            [
                0.12722422363948485,
                0.0015706789079647581,
                0.0015706593105201357,
                0.0015758174219360685,
                0.12994735808935579,
                0.0015706593185664326,
                0.30690999303220223,
                0.29109712675401717,
                0.0015706593188147722,
                0.001570839069762172,
                0.003145318773197511,
                0.023624936538929157,
                0.001570785258155739,
                0.0015707696551481888,
                0.0015710847628874528,
                0.001570767515528729,
                0.0015706593149796878,
                0.0015706593149796878,
                0.0015706593294749546,
                0.09369462136690106,
                0.0015709270720752457,
                0.002360796235118389
            ],
            [
                0.001076748020278388,
                0.0010766342046934264,
                0.0010766138284396963,
                0.0010766812995186951,
                0.10034634750409042,
                0.0010766138323741127,
                0.17624690983145302,
                0.165000835133114,
                0.0010769725886319017,
                0.0010766355142599023,
                0.001076630810908665,
                0.001076668920713751,
                0.0010766138349791372,
                0.001076720838861923,
                0.08575723833921825,
                0.0010767122287255887,
                0.033375187688812265,
                0.033375187688812265,
                0.0010766485272440955,
                0.14212690171452452,
                0.2486977801031545,
                0.0010767175471914393
            ],
            [
                0.0014392469508905438,
                0.0014392699132991667,
                0.001439311483154223,
                0.00143935438133926,
                0.5541892210068945,
                0.05900930776665471,
                0.0014393302294819586,
                0.0014393342364249087,
                0.001439246954200323,
                0.001439246948401733,
                0.04877717831808849,
                0.03022344887919825,
                0.04461533596540843,
                0.11062437497483894,
                0.0014393925398440363,
                0.001439253372051219,
                0.03022395572875969,
                0.03022395572875969,
                0.07340232932525301,
                0.0014392865021635802,
                0.0014392848354810868,
                0.0014393339594123338
            ],
            [
                0.05414266465451006,
                0.0541417967026384,
                0.11083656624348685,
                0.00028347075239619685,
                0.05576458621681109,
                0.05414242521621835,
                0.0002834705495138269,
                0.000283470608456108,
                0.05697744521338477,
                0.05414272386378171,
                0.05414275620013335,
                0.00028346974137104805,
                0.054142766586824535,
                0.11367073667100062,
                0.10800176028123315,
                0.05414244394715073,
                0.05981210775336227,
                0.05981210775336227,
                0.054142819703425965,
                0.0002834697412467443,
                0.00028347030449179297,
                0.0002834712952000837
            ]
        ],
        "doc_topic_dists": [
            [
                0.016672215372284988,
                0.32138009066366857,
                0.016672825239091964,
                0.016666667106988827,
                0.016669927769752325,
                0.016668541663257232,
                0.0166672985606731,
                0.23967090039938127,
                0.3222602741061746,
                0.016671259118727244
            ],
            [
                0.8499802308146222,
                0.016667166381820517,
                0.016669760017939853,
                0.01666669510368343,
                0.016668705007284616,
                0.016667596312883025,
                0.016668891632240397,
                0.016669119640713756,
                0.016673774951737608,
                0.01666806013707464
            ],
            [
                0.025001811590630578,
                0.025000000037247262,
                0.02500520700183618,
                0.025000000501320285,
                0.0250037760799646,
                0.025000000027905582,
                0.025000000057594177,
                0.025002753357424058,
                0.025004940328395175,
                0.7749815110176821
            ],
            [
                0.40244816167464503,
                0.01111126251217979,
                0.01111394461640631,
                0.011111390980651534,
                0.508648215748006,
                0.01111192833146882,
                0.011114489829949033,
                0.011113704549702393,
                0.011114167683977976,
                0.011112734073013157
            ],
            [
                0.010000957687907328,
                0.01000017429532852,
                0.010002480936814755,
                0.010000000116066065,
                0.010002453454140815,
                0.0100012768676892,
                0.01000070535113813,
                0.010000359420972202,
                0.9099906655622014,
                0.010000926307741562
            ],
            [
                0.009091846257455195,
                0.0090915615815293,
                0.00909194562876749,
                0.00909090928807688,
                0.009093248868686279,
                0.5871938184591514,
                0.34006996079648544,
                0.009092662088579045,
                0.009092949980496421,
                0.009091097050772622
            ],
            [
                0.014287098221650198,
                0.24275702565491455,
                0.014288294878437571,
                0.014285714648969343,
                0.014288210278638934,
                0.014286638459746401,
                0.014289474036234064,
                0.6429444839661548,
                0.014285714305933577,
                0.014287345549320542
            ],
            [
                0.6166105929071165,
                0.3106471926503881,
                0.00909294438105048,
                0.009090920705949615,
                0.009093892402723775,
                0.00909170821968911,
                0.009094928687518497,
                0.009093797442327103,
                0.009091534781134907,
                0.009092487822101902
            ],
            [
                0.012502042417992892,
                0.5424851149969541,
                0.012504194303223354,
                0.012500000189247955,
                0.012503526568930964,
                0.012500562735412817,
                0.012500615485923516,
                0.012500874740480308,
                0.3574980013100788,
                0.012505067251755372
            ],
            [
                0.27460814695482316,
                0.009092296110847654,
                0.00909229231917173,
                0.00909091869084491,
                0.6526511159298428,
                0.009092297807330845,
                0.009094315959934287,
                0.009093395314432698,
                0.00909305487147784,
                0.009092166041293986
            ],
            [
                0.014286593172213216,
                0.014285874248626505,
                0.8714168305079928,
                0.01428571441038304,
                0.01428752095272512,
                0.01428593539979445,
                0.014286139511944528,
                0.014290525877070623,
                0.014288275849168334,
                0.014286590070081404
            ],
            [
                0.033334436741812676,
                0.033333846218725975,
                0.033337145897822745,
                0.03333727714093771,
                0.033347556912870724,
                0.03333683485784033,
                0.033334696798473146,
                0.03333439092397785,
                0.699961362029863,
                0.0333424524776758
            ],
            [
                0.020000595643260143,
                0.020000276883888373,
                0.020001311263917597,
                0.020000000596882714,
                0.02000102123346266,
                0.020000382718026084,
                0.020000736036344554,
                0.020004538040094652,
                0.8199825490249273,
                0.02000858855919591
            ],
            [
                0.020006756017447766,
                0.020000000013358048,
                0.020000000017118276,
                0.020000052374044695,
                0.020001639640207083,
                0.020000754749218516,
                0.8199855893436168,
                0.020004485724324686,
                0.020000000018912938,
                0.02000072210175128
            ],
            [
                0.00833389834844588,
                0.008334947881234891,
                0.9249902834882999,
                0.008333333416545232,
                0.008334458078287286,
                0.00833538665729026,
                0.008333726951054948,
                0.008334094764275463,
                0.008335687265025492,
                0.00833418314954063
            ],
            [
                0.00833389834844588,
                0.008334947881234891,
                0.9249902834882999,
                0.008333333416545232,
                0.008334458078287286,
                0.00833538665729026,
                0.008333726951054948,
                0.008334094764275463,
                0.008335687265025492,
                0.00833418314954063
            ],
            [
                0.014287670419334599,
                0.01429176094317831,
                0.5519602447816355,
                0.014285714713971975,
                0.01428965995144208,
                0.014286806391535468,
                0.3337321944112404,
                0.014288724932869345,
                0.014288772131951703,
                0.014288451322840522
            ],
            [
                0.010002452711814042,
                0.01000092340527119,
                0.010001410319164412,
                0.010000000295393104,
                0.01000256182729101,
                0.275531904795119,
                0.19510523377428532,
                0.010002235154657126,
                0.4593521186241672,
                0.010001159092837416
            ],
            [
                0.012500954003479493,
                0.012501005756422066,
                0.012500568282141343,
                0.012500000257063947,
                0.012502290915002861,
                0.31093317254375896,
                0.5890597026402031,
                0.012502305588283691,
                0.012500000011411282,
                0.012500000002233232
            ],
            [
                0.01111381489306151,
                0.011111111117298775,
                0.011111556550844287,
                0.011111128622988901,
                0.011112712306183438,
                0.011111656012654084,
                0.011114784043125157,
                0.8999910142211456,
                0.011111111119872296,
                0.011111111112826002
            ],
            [
                0.7749383077572037,
                0.025013346667165866,
                0.02500626659224219,
                0.02500002532727468,
                0.025007478737867125,
                0.025003306228087475,
                0.025004304877161845,
                0.025006406056132368,
                0.025015808024285296,
                0.025004749732579542
            ],
            [
                0.8499679332007573,
                0.016671124420118213,
                0.01666666668587933,
                0.01666668613893648,
                0.016672196488655373,
                0.016668844470588938,
                0.016678289872518556,
                0.016673717430864744,
                0.01666666668789385,
                0.016667874603787127
            ],
            [
                0.033347650307338994,
                0.03333333335441896,
                0.03333646332470887,
                0.03333345515793187,
                0.03333383567730816,
                0.03333333334913202,
                0.03333717980755389,
                0.6999780823192462,
                0.0333333333631839,
                0.03333333333917711
            ],
            [
                0.020002113794873332,
                0.0200006200376369,
                0.020002938747347137,
                0.02000000028758218,
                0.02000431037731545,
                0.02000161340412565,
                0.8199741010955269,
                0.020003224113874396,
                0.020009626234716714,
                0.020001451907001394
            ],
            [
                0.011112616723901835,
                0.011111257181886562,
                0.011114314827684529,
                0.011111391761293004,
                0.011113709004530558,
                0.01111161346552011,
                0.011111499418916801,
                0.011111412312306983,
                0.8999890450388701,
                0.011113140265089413
            ],
            [
                0.9307572049589444,
                0.007693215040193863,
                0.007693994342480285,
                0.007692313062866977,
                0.007694325318169249,
                0.007692877018983094,
                0.007694394953408985,
                0.007693873013151125,
                0.00769418719362489,
                0.007693615098177065
            ],
            [
                0.011113791848861968,
                0.011113437150395995,
                0.01111233190106922,
                0.011111120012657464,
                0.011113922693534754,
                0.011112213220077383,
                0.011115036871475735,
                0.8999825932791571,
                0.011113620878681705,
                0.0111119321440887
            ],
            [
                0.020004167860776485,
                0.020007501421484646,
                0.020002270897333092,
                0.02000000055531933,
                0.8199674479952229,
                0.020002115481029818,
                0.02000677183254632,
                0.020005298919425478,
                0.02000115066961354,
                0.020003274367248434
            ],
            [
                0.9307572049589444,
                0.007693215040193863,
                0.007693994342480285,
                0.007692313062866977,
                0.007694325318169249,
                0.007692877018983094,
                0.007694394953408985,
                0.007693873013151125,
                0.00769418719362489,
                0.007693615098177065
            ],
            [
                0.9307572049589444,
                0.007693215040193863,
                0.007693994342480285,
                0.007692313062866977,
                0.007694325318169249,
                0.007692877018983094,
                0.007694394953408985,
                0.007693873013151125,
                0.00769418719362489,
                0.007693615098177065
            ],
            [
                0.9307572049589444,
                0.007693215040193863,
                0.007693994342480285,
                0.007692313062866977,
                0.007694325318169249,
                0.007692877018983094,
                0.007694394953408985,
                0.007693873013151125,
                0.00769418719362489,
                0.007693615098177065
            ],
            [
                0.9307572049589444,
                0.007693215040193863,
                0.007693994342480285,
                0.007692313062866977,
                0.007694325318169249,
                0.007692877018983094,
                0.007694394953408985,
                0.007693873013151125,
                0.00769418719362489,
                0.007693615098177065
            ],
            [
                0.9307572049589444,
                0.007693215040193863,
                0.007693994342480285,
                0.007692313062866977,
                0.007694325318169249,
                0.007692877018983094,
                0.007694394953408985,
                0.007693873013151125,
                0.00769418719362489,
                0.007693615098177065
            ],
            [
                0.9307572049589444,
                0.007693215040193863,
                0.007693994342480285,
                0.007692313062866977,
                0.007694325318169249,
                0.007692877018983094,
                0.007694394953408985,
                0.007693873013151125,
                0.00769418719362489,
                0.007693615098177065
            ],
            [
                0.9307572049589444,
                0.007693215040193863,
                0.007693994342480285,
                0.007692313062866977,
                0.007694325318169249,
                0.007692877018983094,
                0.007694394953408985,
                0.007693873013151125,
                0.00769418719362489,
                0.007693615098177065
            ],
            [
                0.9307572049589444,
                0.007693215040193863,
                0.007693994342480285,
                0.007692313062866977,
                0.007694325318169249,
                0.007692877018983094,
                0.007694394953408985,
                0.007693873013151125,
                0.00769418719362489,
                0.007693615098177065
            ],
            [
                0.9307572049589444,
                0.007693215040193863,
                0.007693994342480285,
                0.007692313062866977,
                0.007694325318169249,
                0.007692877018983094,
                0.007694394953408985,
                0.007693873013151125,
                0.00769418719362489,
                0.007693615098177065
            ],
            [
                0.01666883207708323,
                0.016666958161205055,
                0.01666953227653377,
                0.016666667021417763,
                0.8499780620121352,
                0.016669037751743682,
                0.016672074943780837,
                0.01666972001254619,
                0.0166712963104516,
                0.01666781943310269
            ],
            [
                0.014287703691746744,
                0.014287139852790919,
                0.014289231171378501,
                0.014285714626197179,
                0.014289910104379385,
                0.41196311618179166,
                0.01429115619470133,
                0.4737285174368675,
                0.014291251376345616,
                0.014286259363801124
            ],
            [
                0.7749383077572037,
                0.025013346667165866,
                0.02500626659224219,
                0.02500002532727468,
                0.025007478737867125,
                0.025003306228087475,
                0.025004304877161845,
                0.025006406056132368,
                0.025015808024285296,
                0.025004749732579542
            ],
            [
                0.016674495310167944,
                0.1951938216623854,
                0.01666898404573461,
                0.016666711272011202,
                0.016669987767649202,
                0.016668496787306357,
                0.6714433422918571,
                0.016671320247642705,
                0.01667250051262062,
                0.016670340102624928
            ],
            [
                0.020004968287891656,
                0.2242700981471034,
                0.020002522348828673,
                0.020000000742394445,
                0.020011831903808914,
                0.02000881186806702,
                0.020002108174501713,
                0.02000220510679004,
                0.6156930159451792,
                0.020004437475435004
            ],
            [
                0.2920918042213265,
                0.012501249689268358,
                0.012502011757175975,
                0.012500027730027329,
                0.012502804583750199,
                0.3297876767018843,
                0.290606718786822,
                0.012503611385404971,
                0.0125037278677806,
                0.012500367276559772
            ],
            [
                0.020008314196723158,
                0.02000884135068244,
                0.020004634872436443,
                0.020000033129536986,
                0.020004854409926404,
                0.020002111960034912,
                0.020003164488872245,
                0.8199553883662568,
                0.02000954135373947,
                0.02000311587179112
            ],
            [
                0.050004114370399415,
                0.05000191119786121,
                0.050009465606270696,
                0.050000000169095477,
                0.0500070966610018,
                0.05000264226997825,
                0.05000508725898671,
                0.05000394312631772,
                0.5499634939073195,
                0.05000224543276922
            ],
            [
                0.012501186433979735,
                0.2744984949296199,
                0.012501665781855102,
                0.25050879101973345,
                0.012502621010678682,
                0.012501620824632837,
                0.012505280415784423,
                0.38747600843478175,
                0.012500000043738916,
                0.01250433110519527
            ],
            [
                0.01428710511514328,
                0.014288939860619672,
                0.0142894177033407,
                0.014285714638004132,
                0.014288411752698996,
                0.36162138329243887,
                0.01428743326048658,
                0.014288343279688236,
                0.01429513938741625,
                0.5240681117101632
            ],
            [
                0.033336219723378496,
                0.03333333334600945,
                0.033333333349585464,
                0.03333333398813938,
                0.033339544970844376,
                0.03333550232961612,
                0.6999800422813187,
                0.03334202332297732,
                0.03333333335128433,
                0.033333333336846495
            ],
            [
                0.016670068676996528,
                0.016666847496497217,
                0.016671878545274056,
                0.01666666685668476,
                0.016669284810786927,
                0.016667420306148296,
                0.01666714735709523,
                0.01666703953159029,
                0.8499839033085337,
                0.016669743110393032
            ],
            [
                0.01250225962590942,
                0.012502711708663447,
                0.01250292762141173,
                0.01250000027935062,
                0.8874807691306993,
                0.012501561887874902,
                0.012502904808253945,
                0.012502123670541569,
                0.01250293059812218,
                0.01250181066917297
            ],
            [
                0.007694102444103273,
                0.007694175763445849,
                0.007693126216168614,
                0.007692307986926031,
                0.00769418130302786,
                0.9307542365022564,
                0.007696524229538932,
                0.007693891275241762,
                0.00769321598878189,
                0.007694238290509408
            ],
            [
                0.007695010450839556,
                0.25960063086859925,
