{
    "topic_word_count": {
        "topic0": [
            {
                "word": "news",
                "count": 35
            },
            {
                "word": "state",
                "count": 66
            },
            {
                "word": "covid_19",
                "count": 113
            },
            {
                "word": "covid",
                "count": 116
            },
            {
                "word": "restrictions",
                "count": 74
            },
            {
                "word": "public",
                "count": 33
            },
            {
                "word": "pandemic",
                "count": 38
            },
            {
                "word": "coronavirus",
                "count": 72
            },
            {
                "word": "home",
                "count": 34
            },
            {
                "word": "pritzker",
                "count": 48
            }
        ],
        "topic1": [
            {
                "word": "new",
                "count": 46
            },
            {
                "word": "covid_19",
                "count": 113
            },
            {
                "word": "covid",
                "count": 116
            },
            {
                "word": "said",
                "count": 42
            },
            {
                "word": "spread",
                "count": 28
            },
            {
                "word": "pandemic",
                "count": 38
            },
            {
                "word": "home",
                "count": 34
            },
            {
                "word": "restrictions",
                "count": 74
            },
            {
                "word": "coronavirus",
                "count": 72
            },
            {
                "word": "health",
                "count": 85
            }
        ],
        "topic2": [
            {
                "word": "state",
                "count": 66
            },
            {
                "word": "pritzker",
                "count": 48
            },
            {
                "word": "covid",
                "count": 116
            },
            {
                "word": "covid_19",
                "count": 113
            },
            {
                "word": "pandemic",
                "count": 38
            },
            {
                "word": "home",
                "count": 34
            },
            {
                "word": "restrictions",
                "count": 74
            },
            {
                "word": "department",
                "count": 37
            },
            {
                "word": "said",
                "count": 42
            },
            {
                "word": "people",
                "count": 38
            }
        ],
        "topic3": [
            {
                "word": "chicago",
                "count": 45
            },
            {
                "word": "restrictions",
                "count": 74
            },
            {
                "word": "coronavirus",
                "count": 72
            },
            {
                "word": "covid_19",
                "count": 113
            },
            {
                "word": "covid",
                "count": 116
            },
            {
                "word": "state",
                "count": 66
            },
            {
                "word": "home",
                "count": 34
            },
            {
                "word": "said",
                "count": 42
            },
            {
                "word": "pritzker",
                "count": 48
            },
            {
                "word": "new",
                "count": 46
            }
        ],
        "topic4": [
            {
                "word": "health",
                "count": 85
            },
            {
                "word": "department",
                "count": 37
            },
            {
                "word": "home",
                "count": 34
            },
            {
                "word": "covid_19",
                "count": 113
            },
            {
                "word": "covid",
                "count": 116
            },
            {
                "word": "pandemic",
                "count": 38
            },
            {
                "word": "people",
                "count": 38
            },
            {
                "word": "news",
                "count": 35
            },
            {
                "word": "virus",
                "count": 27
            },
            {
                "word": "spread",
                "count": 28
            }
        ],
        "topic5": [
            {
                "word": "restrictions",
                "count": 74
            },
            {
                "word": "new",
                "count": 46
            },
            {
                "word": "coronavirus",
                "count": 72
            },
            {
                "word": "covid_19",
                "count": 113
            },
            {
                "word": "covid",
                "count": 116
            },
            {
                "word": "pandemic",
                "count": 38
            },
            {
                "word": "state",
                "count": 66
            },
            {
                "word": "people",
                "count": 38
            },
            {
                "word": "home",
                "count": 34
            },
            {
                "word": "public",
                "count": 33
            }
        ],
        "topic6": [
            {
                "word": "covid",
                "count": 116
            },
            {
                "word": "covid_19",
                "count": 113
            },
            {
                "word": "people",
                "count": 38
            },
            {
                "word": "virus",
                "count": 27
            },
            {
                "word": "restrictions",
                "count": 74
            },
            {
                "word": "pritzker",
                "count": 48
            },
            {
                "word": "coronavirus",
                "count": 72
            },
            {
                "word": "home",
                "count": 34
            },
            {
                "word": "state",
                "count": 66
            },
            {
                "word": "health",
                "count": 85
            }
        ],
        "topic7": [
            {
                "word": "health",
                "count": 85
            },
            {
                "word": "public",
                "count": 33
            },
            {
                "word": "covid",
                "count": 116
            },
            {
                "word": "covid_19",
                "count": 113
            },
            {
                "word": "department",
                "count": 37
            },
            {
                "word": "coronavirus",
                "count": 72
            },
            {
                "word": "people",
                "count": 38
            },
            {
                "word": "new",
                "count": 46
            },
            {
                "word": "home",
                "count": 34
            },
            {
                "word": "restrictions",
                "count": 74
            }
        ],
        "topic8": [
            {
                "word": "coronavirus",
                "count": 72
            },
            {
                "word": "spread",
                "count": 28
            },
            {
                "word": "chicago",
                "count": 45
            },
            {
                "word": "pritzker",
                "count": 48
            },
            {
                "word": "state",
                "count": 66
            },
            {
                "word": "health",
                "count": 85
            },
            {
                "word": "virus",
                "count": 27
            },
            {
                "word": "news",
                "count": 35
            },
            {
                "word": "department",
                "count": 37
            },
            {
                "word": "pandemic",
                "count": 38
            }
        ],
        "topic9": [
            {
                "word": "said",
                "count": 42
            },
            {
                "word": "coronavirus",
                "count": 72
            },
            {
                "word": "covid",
                "count": 116
            },
            {
                "word": "covid_19",
                "count": 113
            },
            {
                "word": "restrictions",
                "count": 74
            },
            {
                "word": "people",
                "count": 38
            },
            {
                "word": "home",
                "count": 34
            },
            {
                "word": "pritzker",
                "count": 48
            },
            {
                "word": "pandemic",
                "count": 38
            },
            {
                "word": "state",
                "count": 66
            }
        ]
    },
    "data": {
        "vocab": [
            "chicago",
            "coronavirus",
            "covid",
            "covid_19",
            "department",
            "health",
            "home",
            "new",
            "news",
            "pandemic",
            "people",
            "pritzker",
            "public",
            "restrictions",
            "said",
            "spread",
            "state",
            "virus"
        ],
        "freq": [
            45,
            72,
            116,
            113,
            37,
            85,
            34,
            46,
            35,
            38,
            38,
            48,
            33,
            74,
            42,
            28,
            66,
            27
        ],
        "topic_term_dists": [
            [
                0.0025146713967837695,
                0.0025148371055633174,
                0.09330934249428481,
                0.09380821261209987,
                0.0025146083138696167,
                0.0025146083192314614,
                0.002514770875207331,
                0.002514651624071411,
                0.4745042121873111,
                0.05280496819003046,
                0.002514631900172861,
                0.002514759952314413,
                0.05698380919290664,
                0.05737166790989947,
                0.0025146732707712477,
                0.0025147178823911646,
                0.14355624846771498,
                0.0025146083053761885
            ],
            [
                0.0012462574329742135,
                0.03083075421777249,
                0.17376612052800755,
                0.17431862309996962,
                0.0012464989354081294,
                0.020199584873454055,
                0.04028200652348186,
                0.23620088636643327,
                0.0012462481286405905,
                0.0749614646483582,
                0.0012462452880832903,
                0.001246228445907288,
                0.0012462420202566818,
                0.036785291295418236,
                0.10174822988248076,
                0.10093698331128537,
                0.0012461808741689386,
                0.001246154127899509
            ],
            [
                0.000538001215979319,
                0.0005380145368176143,
                0.10810930170916197,
                0.10758327046036167,
                0.053551359383747846,
                0.0005379600374347201,
                0.07959248470016496,
                0.0005379428412036805,
                0.0005379808341298752,
                0.0913244573876322,
                0.0005380335670476179,
                0.19221062360672328,
                0.0005379567686856334,
                0.07113933611419646,
                0.015017523772268185,
                0.0005379641435916225,
                0.276629822719925,
                0.0005379662009282097
            ],
            [
                0.4587967247689049,
                0.15232572023045704,
                0.07071858409306372,
                0.07208385367265195,
                0.0012366551447917026,
                0.0012366853289714041,
                0.02316613577454182,
                0.0012367338896468144,
                0.0012366805796075458,
                0.0012367194965693545,
                0.001236684553102888,
                0.0012368058863057587,
                0.0012367117048104532,
                0.17352460021393304,
                0.0012369238551871438,
                0.0012366473202740365,
                0.03578048616631824,
                0.0012366473208619813
            ],
            [
                0.0006186567046631583,
                0.0006186495716547445,
                0.0834877479324352,
                0.08362753456082717,
                0.09591682954323143,
                0.2520853497181062,
                0.08562495929852995,
                0.0006186737888450965,
                0.08104214242889053,
                0.08231101211800798,
                0.08124194937022176,
                0.0006186579892117065,
                0.0006186548174626568,
                0.0006186566651213598,
                0.0006186826000763359,
                0.0748564720601711,
                0.0006186919710065598,
                0.07485667886153712
            ],
            [
                0.0012597514058421085,
                0.24779434185430482,
                0.03225981985686307,
                0.032556194402131554,
                0.0012597935421344685,
                0.0012597408232832002,
                0.0012598522907115665,
                0.32764968935195704,
                0.0012597308034310686,
                0.0012905560705860598,
                0.0012598797496961864,
                0.0012597648843943948,
                0.001259794934205549,
                0.34333203968673554,
                0.0012596838230377458,
                0.0012597390402598748,
                0.001259966044761193,
                0.001259661435664502
            ],
            [
                0.0009540305677229032,
                0.0009545488940179978,
                0.28647415511409696,
                0.2650995517105647,
                0.0009540521243132181,
                0.0009541190296712678,
                0.0009541613797137737,
                0.0009541025304824558,
                0.0009540495653612217,
                0.0009541007423498621,
                0.18336139966598697,
                0.04571926773003652,
                0.0009540335219911994,
                0.1020000170075404,
                0.0009541037363508647,
                0.0009540233891420926,
                0.0009541205038774566,
                0.10589616278678003
            ],
            [
                0.000797161063373614,
                0.03858411504465606,
                0.13776892862850543,
                0.13761296317681695,
                0.0894951564030628,
                0.2979902961222861,
                0.006033799780952025,
                0.010638175500717044,
                0.000797150688736289,
                0.0007971488161919653,
                0.028115096059649028,
                0.0007971954417101638,
                0.24658675184829745,
                0.0007972911622775365,
                0.0007971591830657457,
                0.0007971695830960049,
                0.000797195177514852,
                0.0007972463190910114
            ],
            [
                0.1229698033232544,
                0.31620084774518314,
                0.001518466208013661,
                0.0015184679891447437,
                0.010833351010676883,
                0.08576101717521536,
                0.0015181617044522954,
                0.0015182456290055908,
                0.05055797725074982,
                0.001518787356625125,
                0.0015182724540424035,
                0.11805056025120134,
                0.0015182904350262755,
                0.0015183609772653449,
                0.0015182420159632146,
                0.12297223567146665,
                0.09674422351845822,
                0.06224468928425555
            ],
            [
                0.0014073560015668805,
                0.1754723617579187,
                0.1416052271310608,
                0.12946176010647717,
                0.0014073239776420641,
                0.0014074351396829716,
                0.0014131522988400996,
                0.0014074085948359107,
                0.0014074277536180876,
                0.0014076180348652405,
                0.035478821165900266,
                0.0014077239664600112,
                0.0014074416629099465,
                0.059986494058260814,
                0.44110012925443015,
                0.0014073239742414274,
                0.0014075688753280545,
                0.0014074262459614494
            ]
        ],
        "doc_topic_dists": [
            [
                0.020001172695484962,
                0.02000088507693504,
                0.020000814241654903,
                0.0200040825087984,
                0.02000284268967214,
                0.3906811000583338,
                0.020001159384321694,
                0.4492995975524351,
                0.02000531118967519,
                0.02000303460268878
            ],
            [
                0.008333885577844462,
                0.295961486965766,
                0.008335986020595413,
                0.008335241589386847,
                0.008336851947876608,
                0.008336426062326173,
                0.00833516258506069,
                0.6373535380197846,
                0.008335924598752287,
                0.008335496632606933
            ],
            [
                0.010000491712551532,
                0.010000487276974898,
                0.39645380792341295,
                0.523537295021315,
                0.010000701944636198,
                0.010002011003016863,
                0.010000651412556072,
                0.01000017161162427,
                0.010003505369990666,
                0.010000876723921736
            ],
            [
                0.02000044916764353,
                0.020000582661788086,
                0.02000067131069356,
                0.8199833561271969,
                0.02000000000520048,
                0.02000683073624385,
                0.02000095583756631,
                0.02000038971104015,
                0.02000433960397345,
                0.020002424838653735
            ],
            [
                0.21999730093833306,
                0.020001335828095497,
                0.020000129517391753,
                0.020001971881712932,
                0.02000151911592285,
                0.020003260609829335,
                0.020000000012331084,
                0.020000466331920576,
                0.020005081332194287,
                0.6199889344322687
            ],
            [
                0.007692821415649258,
                0.007693395119368026,
                0.007694168772172933,
                0.007695742010350945,
                0.00769246603720863,
                0.21275781208031516,
                0.007692785785569411,
                0.007692424912423179,
                0.725695452554358,
                0.007692931312584413
            ],
            [
                0.010001680349603637,
                0.010002352255705659,
                0.010001746238691555,
                0.010002839269620836,
                0.010000896690837017,
                0.01000428279885358,
                0.010003830270779737,
                0.18997046265612125,
                0.010001537419059547,
                0.7300103720507272
            ],
            [
                0.020002433957819712,
                0.02000013237847663,
                0.020007924072390895,
                0.020007800828548503,
                0.020000000009687293,
                0.020001287112192342,
                0.020000609494393917,
                0.020000184261306977,
                0.8199787295106807,
                0.020000898374503074
            ],
            [
                0.020004170971152046,
                0.02000528618677821,
                0.819966884209233,
                0.02000241380943656,
                0.02000252321506794,
                0.02000082819515186,
                0.02000856624173213,
                0.02000419964887161,
                0.020001078444213446,
                0.020004049078363118
            ],
            [
                0.020004170971152046,
                0.02000528618677821,
                0.819966884209233,
                0.02000241380943656,
                0.02000252321506794,
                0.02000082819515186,
                0.02000856624173213,
                0.02000419964887161,
                0.020001078444213446,
                0.020004049078363118
            ],
            [
                0.012500885192999784,
                0.8874587794242031,
                0.012501572137387711,
                0.012500437940670338,
                0.012513964415055515,
                0.012500963513646032,
                0.012501816814156113,
                0.012512503448717025,
                0.012503071856912396,
                0.01250600525625197
            ],
            [
                0.011111700300963784,
                0.12864056309521757,
                0.01111218542204048,
                0.011111446919385296,
                0.011114680375194438,
                0.01111691921135159,
                0.33200663318088885,
                0.4615618057112392,
                0.011112116193114112,
                0.01111194959060455
            ],
            [
                0.025000970798488144,
                0.02500094675263562,
                0.025011794063091786,
                0.025005289362049453,
                0.02500000001603783,
                0.3741817085541255,
                0.02500430431157122,
                0.02500040727162276,
                0.425791460628802,
                0.02500311824157567
            ],
            [
                0.012500946973857856,
                0.012501728111046863,
                0.012501270963286506,
                0.012501518539237874,
                0.012501719635527946,
                0.012502290302329135,
                0.8874875054124632,
                0.012501193481810705,
                0.012500305917277877,
                0.012501520663161816
            ],
            [
                0.012500946973857856,
                0.012501728111046863,
                0.012501270963286506,
                0.012501518539237874,
                0.012501719635527946,
                0.012502290302329135,
                0.8874875054124632,
                0.012501193481810705,
                0.012500305917277877,
                0.012501520663161816
            ],
            [
                0.012500946973857856,
                0.012501728111046863,
                0.012501270963286506,
                0.012501518539237874,
                0.012501719635527946,
                0.012502290302329135,
                0.8874875054124632,
                0.012501193481810705,
                0.012500305917277877,
                0.012501520663161816
            ],
            [
                0.012500946973857856,
                0.012501728111046863,
                0.012501270963286506,
                0.012501518539237874,
                0.012501719635527946,
                0.012502290302329135,
                0.8874875054124632,
                0.012501193481810705,
                0.012500305917277877,
                0.012501520663161816
            ],
            [
                0.012500946973857856,
                0.012501728111046863,
                0.012501270963286506,
                0.012501518539237874,
                0.012501719635527946,
                0.012502290302329135,
                0.8874875054124632,
                0.012501193481810705,
                0.012500305917277877,
                0.012501520663161816
            ],
            [
                0.012500946973857856,
                0.012501728111046863,
                0.012501270963286506,
                0.012501518539237874,
                0.012501719635527946,
                0.012502290302329135,
                0.8874875054124632,
                0.012501193481810705,
                0.012500305917277877,
                0.012501520663161816
            ],
            [
                0.014286927139529865,
                0.014287696252340339,
                0.014286904589393643,
                0.01428645589643465,
                0.014287912678076383,
                0.01428601346919219,
                0.014288792613475314,
                0.871416002304102,
                0.014286119097707663,
                0.014287175959747956
            ],
            [
                0.012502801049605213,
                0.012501850561854764,
                0.18987859560272857,
                0.01250210811989971,
                0.01250129724392562,
                0.012502438122874306,
                0.7101064503457922,
                0.012501312368362213,
                0.012501539621322647,
                0.01250160696363486
            ],
            [
                0.010002209394287757,
                0.010001336370934219,
                0.11358846161943995,
                0.010001333951063184,
                0.010000000004827357,
                0.8064025141798721,
                0.010000222208953797,
                0.010000146570461046,
                0.010003105601373836,
                0.010000670098786853
            ],
            [
                0.014286927139529865,
                0.014287696252340339,
                0.014286904589393643,
                0.01428645589643465,
                0.014287912678076383,
                0.01428601346919219,
                0.014288792613475314,
                0.871416002304102,
                0.014286119097707663,
                0.014287175959747956
            ],
            [
                0.010000676007599548,
                0.01000299172760699,
                0.010001047649238821,
                0.010001017803861326,
                0.010003214931159776,
                0.28961798623649604,
                0.010005729154139052,
                0.6303638353339801,
                0.01000133763041522,
                0.01000216352550326
            ],
            [
                0.004763115855615876,
                0.5003553074043207,
                0.00476256316804111,
                0.0047621341665912845,
                0.46154188344649155,
                0.004762788828459294,
                0.0047628568589417174,
                0.0047635060474060424,
                0.004762196747580662,
                0.004763647476551677
            ],
            [
                0.014286927139529865,
                0.014287696252340339,
                0.014286904589393643,
                0.01428645589643465,
                0.014287912678076383,
                0.01428601346919219,
                0.014288792613475314,
                0.871416002304102,
                0.014286119097707663,
                0.014287175959747956
            ],
            [
                0.7749977710773589,
                0.025000000006792873,
                0.02500000000292251,
                0.025000000006737074,
                0.02500143585966283,
                0.025000000006865204,
                0.025000000005190044,
                0.02500000000433243,
                0.025000793022460784,
                0.025000000007677114
            ],
            [
                0.012501141043042533,
                0.0125022437366569,
                0.8874864699351039,
                0.012500701387926373,
                0.012501365484505604,
                0.012500282948613314,
                0.012503659528644531,
                0.012501433653886625,
                0.01250131997823479,
                0.012501382303385412
            ],
            [
                0.014286927139529865,
                0.014287696252340339,
                0.014286904589393643,
                0.01428645589643465,
                0.014287912678076383,
                0.01428601346919219,
                0.014288792613475314,
                0.871416002304102,
                0.014286119097707663,
                0.014287175959747956
            ],
            [
                0.016668352299985232,
                0.016672115722572576,
                0.2645092232213643,
                0.01666901528163498,
                0.016673094773393852,
                0.016667209289261797,
                0.6021354337982303,
                0.016669574896197803,
                0.016666666702070627,
                0.01666931401528854
            ],
            [
                0.011112604830930158,
                0.899974826206336,
                0.011113163131892518,
                0.011114158988854164,
                0.011112270884072665,
                0.011120316179764951,
                0.011115300382478323,
                0.011112520492105359,
                0.011111641332406528,
                0.011113197571159342
            ],
            [
                0.011112604830930158,
                0.899974826206336,
                0.011113163131892518,
                0.011114158988854164,
                0.011112270884072665,
                0.011120316179764951,
                0.011115300382478323,
                0.011112520492105359,
                0.011111641332406528,
                0.011113197571159342
            ],
            [
                0.009091798688544355,
                0.009092429770148526,
                0.32809640604876145,
                0.009093375141668632,
                0.009094348625502095,
                0.009094139890288502,
                0.009095672815861667,
                0.5991515915248972,
                0.009096019721553838,
                0.00909421777277381
            ],
            [
                0.008334348745230072,
                0.008334860335769499,
                0.3984838078447839,
                0.008335112631934217,
                0.00833716535211824,
                0.008336572618196345,
                0.008334201260311758,
                0.008337357807601965,
                0.43732987051103756,
                0.10583670289301661
            ],
            [
                0.011113327901025701,
                0.011116791189683882,
                0.011113982269797809,
                0.25425404977525523,
                0.01111314531973944,
                0.6568297327704687,
                0.011118310504115415,
                0.011114538119568083,
                0.011111578160966485,
                0.011114543989379222
            ],
            [
                0.008334442224512038,
                0.008335330408796658,
                0.9249870081399946,
                0.008334621666510824,
                0.008334761387822454,
                0.008334724525786786,
                0.008336222452419722,
                0.008334541164318315,
                0.008333683759444637,
                0.008334664270393958
            ],
            [
                0.012501685619660988,
                0.01250018706239833,
                0.012502229519207373,
                0.012503789362747346,
                0.012502207600619382,
                0.012501112125699437,
                0.012501342244046082,
                0.20069548462642653,
                0.69929118565926,
                0.012500776179934645
            ],
            [
                0.1979401007937802,
                0.012502312611097396,
                0.7020462517352265,
                0.012501080317748952,
                0.012502285238402657,
                0.012500311667283966,
                0.012503365685935519,
                0.01250160523420797,
                0.012501163921399891,
                0.012501522794916873
            ],
            [
                0.0058829949292574565,
                0.005884184310968418,
                0.7691222852354925,
                0.18380741552600136,
                0.00588293280897037,
                0.005883322687726743,
                0.005883341064944888,
                0.005882670823821467,
                0.005883069673197818,
                0.005887782939618972
            ],
            [
                0.0058829949292574565,
                0.005884184310968418,
                0.7691222852354925,
                0.18380741552600136,
                0.00588293280897037,
                0.005883322687726743,
                0.005883341064944888,
                0.005882670823821467,
                0.005883069673197818,
                0.005887782939618972
            ],
            [
                0.008334466854155221,
                0.21540780728061337,
                0.2472299651503124,
                0.008334455431729476,
                0.008335755329510837,
                0.008335988975311261,
                0.008335703540613564,
                0.12821942472330777,
                0.008335856081565372,
                0.35913057663288067
            ],
            [
                0.014286927139529865,
                0.014287696252340339,
                0.014286904589393643,
                0.01428645589643465,
                0.014287912678076383,
                0.01428601346919219,
                0.014288792613475314,
                0.871416002304102,
                0.014286119097707663,
                0.014287175959747956
            ],
            [
                0.025002594956947666,
                0.025000892889340307,
                0.025000962091788297,
                0.025005069557600203,
                0.025000000013858454,
                0.5096565735391663,
                0.025001369891259673,
                0.2903229476396019,
                0.025005720508858423,
                0.025003868911578773
            ],
            [
                0.01666753997461789,
                0.016668150409364653,
                0.4535291387164282,
                0.01667203395757185,
                0.016666666678170634,
                0.016676763797196535,
                0.01666948753152211,
                0.01666717563840424,
                0.016673834092623043,
                0.413109209204101
            ],
            [
                0.01000126698680548,
                0.010001533633917726,
                0.9099857325203773,
                0.010001355121606858,
                0.010002213706939055,
                0.010001883764518282,
                0.010002356371070005,
                0.010002047154797895,
                0.010000492400242061,
                0.010001118339725409
            ],
            [
                0.01000126698680548,
                0.010001533633917726,
                0.9099857325203773,
                0.010001355121606858,
                0.010002213706939055,
                0.010001883764518282,
                0.010002356371070005,
                0.010002047154797895,
                0.010000492400242061,
                0.010001118339725409
            ],
            [
                0.01000126698680548,
                0.010001533633917726,
                0.9099857325203773,
                0.010001355121606858,
                0.010002213706939055,
                0.010001883764518282,
                0.010002356371070005,
                0.010002047154797895,
                0.010000492400242061,
                0.010001118339725409
            ],
            [
                0.02000127341353262,
                0.31867839914332513,
                0.020001630849753965,
                0.020001016481667747,
                0.02000246984628261,
                0.020007833093179685,
                0.5213023092535556,
                0.020002617086578554,
                0.020000000024509818,
                0.020002450807614286
            ],
            [
                0.007147429080162096,
                0.007144748903918601,
                0.3849873658446464,
                0.00714473934215167,
                0.007145487763501216,
                0.007143302176538862,
                0.0071457401020993475,
                0.007144638080168935,
                0.557852467660199,
                0.007144081046613958
            ],
            [
                0.007147429080162096,
                0.007144748903918601,
                0.3849873658446464,
                0.00714473934215167,
                0.007145487763501216,
                0.007143302176538862,
                0.0071457401020993475,
                0.007144638080168935,
                0.557852467660199,
                0.007144081046613958
            ],
            [
                0.007147429080162096,
                0.007144748903918601,
                0.3849873658446464,
                0.00714473934215167,
                0.007145487763501216,
                0.007143302176538862,
                0.0071457401020993475,
                0.007144638080168935,
                0.557852467660199,
                0.007144081046613958
            ],
            [
                0.014287109760148582,
                0.014288873879772365,
                0.3276471642403953,
                0.01428758040498655,
                0.014287812564936454,
                0.5580530431244158,
                0.01428686943354719,
                0.01428591896171728,
                0.014288692831249054,
                0.014286934798831431
            ],
            [
                0.008334849714450965,
                0.00833789889709375,
                0.008335290006366316,
                0.00833515099037565,
                0.008334757842035145,
                0.9249775120950856,
                0.008338295774582744,
                0.008335826427407779,
                0.008334231009898519,
                0.008336187242703614
            ],
            [
                0.01428676787782242,
                0.014290545233109535,
                0.01428710070337345,
                0.014288060725807888,
                0.014287272540159468,
                0.43411046597148917,
                0.4515855767723589,
                0.014287640886013907,
                0.01428784427344944,
                0.014288725016415689
            ],
            [
                0.01666681233439946,
                0.01666880704337128,
                0.016666884352447092,
                0.01666850763497041,
                0.01666666667011024,
                0.8499900709880505,
                0.01666697658909387,
                0.016667021497396364,
                0.01666991301008973,
                0.016668339880071242
            ],
            [
                0.02000440226495857,
                0.02000696247953805,
                0.3933081155684348,
                0.02000489042878831,
                0.020005091264914884,
                0.020007876780029344,
                0.4466565658951878,
                0.020002513058850965,
