{
    "topic_word_count": {
        "topic0": [
            {
                "word": "chicago",
                "count": 88
            },
            {
                "word": "state",
                "count": 88
            },
            {
                "word": "covid",
                "count": 116
            },
            {
                "word": "covid_19",
                "count": 105
            },
            {
                "word": "coronavirus",
                "count": 88
            },
            {
                "word": "restrictions",
                "count": 109
            },
            {
                "word": "said",
                "count": 80
            },
            {
                "word": "thursday",
                "count": 30
            },
            {
                "word": "news",
                "count": 28
            },
            {
                "word": "pritzker",
                "count": 66
            }
        ],
        "topic1": [
            {
                "word": "chicago",
                "count": 88
            },
            {
                "word": "restrictions",
                "count": 109
            },
            {
                "word": "officials",
                "count": 29
            },
            {
                "word": "coronavirus",
                "count": 88
            },
            {
                "word": "said",
                "count": 80
            },
            {
                "word": "march",
                "count": 26
            },
            {
                "word": "home",
                "count": 30
            },
            {
                "word": "state",
                "count": 88
            },
            {
                "word": "gov",
                "count": 29
            },
            {
                "word": "pritzker",
                "count": 66
            }
        ],
        "topic2": [
            {
                "word": "coronavirus",
                "count": 88
            },
            {
                "word": "restrictions",
                "count": 109
            },
            {
                "word": "gov",
                "count": 29
            },
            {
                "word": "home",
                "count": 30
            },
            {
                "word": "pritzker",
                "count": 66
            },
            {
                "word": "chicago",
                "count": 88
            },
            {
                "word": "news",
                "count": 28
            },
            {
                "word": "thursday",
                "count": 30
            },
            {
                "word": "state",
                "count": 88
            },
            {
                "word": "said",
                "count": 80
            }
        ],
        "topic3": [
            {
                "word": "home",
                "count": 30
            },
            {
                "word": "pandemic",
                "count": 37
            },
            {
                "word": "covid_19",
                "count": 105
            },
            {
                "word": "said",
                "count": 80
            },
            {
                "word": "covid",
                "count": 116
            },
            {
                "word": "state",
                "count": 88
            },
            {
                "word": "restrictions",
                "count": 109
            },
            {
                "word": "department",
                "count": 42
            },
            {
                "word": "health",
                "count": 42
            },
            {
                "word": "chicago",
                "count": 88
            }
        ],
        "topic4": [
            {
                "word": "county",
                "count": 40
            },
            {
                "word": "state",
                "count": 88
            },
            {
                "word": "restrictions",
                "count": 109
            },
            {
                "word": "news",
                "count": 28
            },
            {
                "word": "covid",
                "count": 116
            },
            {
                "word": "covid_19",
                "count": 105
            },
            {
                "word": "coronavirus",
                "count": 88
            },
            {
                "word": "pritzker",
                "count": 66
            },
            {
                "word": "health",
                "count": 42
            },
            {
                "word": "said",
                "count": 80
            }
        ],
        "topic5": [
            {
                "word": "restrictions",
                "count": 109
            },
            {
                "word": "said",
                "count": 80
            },
            {
                "word": "pandemic",
                "count": 37
            },
            {
                "word": "chicago",
                "count": 88
            },
            {
                "word": "related",
                "count": 30
            },
            {
                "word": "pritzker",
                "count": 66
            },
            {
                "word": "news",
                "count": 28
            },
            {
                "word": "state",
                "count": 88
            },
            {
                "word": "covid_19",
                "count": 105
            },
            {
                "word": "covid",
                "count": 116
            }
        ],
        "topic6": [
            {
                "word": "health",
                "count": 42
            },
            {
                "word": "said",
                "count": 80
            },
            {
                "word": "covid",
                "count": 116
            },
            {
                "word": "covid_19",
                "count": 105
            },
            {
                "word": "public",
                "count": 31
            },
            {
                "word": "department",
                "count": 42
            },
            {
                "word": "county",
                "count": 40
            },
            {
                "word": "restrictions",
                "count": 109
            },
            {
                "word": "thursday",
                "count": 30
            },
            {
                "word": "march",
                "count": 26
            }
        ],
        "topic7": [
            {
                "word": "restrictions",
                "count": 109
            },
            {
                "word": "state",
                "count": 88
            },
            {
                "word": "covid_19",
                "count": 105
            },
            {
                "word": "covid",
                "count": 116
            },
            {
                "word": "pritzker",
                "count": 66
            },
            {
                "word": "public",
                "count": 31
            },
            {
                "word": "news",
                "count": 28
            },
            {
                "word": "health",
                "count": 42
            },
            {
                "word": "department",
                "count": 42
            },
            {
                "word": "thursday",
                "count": 30
            }
        ],
        "topic8": [
            {
                "word": "covid",
                "count": 116
            },
            {
                "word": "covid_19",
                "count": 105
            },
            {
                "word": "coronavirus",
                "count": 88
            },
            {
                "word": "pandemic",
                "count": 37
            },
            {
                "word": "public",
                "count": 31
            },
            {
                "word": "officials",
                "count": 29
            },
            {
                "word": "home",
                "count": 30
            },
            {
                "word": "state",
                "count": 88
            },
            {
                "word": "restrictions",
                "count": 109
            },
            {
                "word": "said",
                "count": 80
            }
        ],
        "topic9": [
            {
                "word": "state",
                "count": 88
            },
            {
                "word": "pritzker",
                "count": 66
            },
            {
                "word": "thursday",
                "count": 30
            },
            {
                "word": "department",
                "count": 42
            },
            {
                "word": "restrictions",
                "count": 109
            },
            {
                "word": "related",
                "count": 30
            },
            {
                "word": "pandemic",
                "count": 37
            },
            {
                "word": "said",
                "count": 80
            },
            {
                "word": "gov",
                "count": 29
            },
            {
                "word": "county",
                "count": 40
            }
        ]
    },
    "data": {
        "vocab": [
            "chicago",
            "coronavirus",
            "county",
            "covid",
            "covid_19",
            "department",
            "gov",
            "health",
            "home",
            "march",
            "news",
            "officials",
            "pandemic",
            "pritzker",
            "public",
            "related",
            "restrictions",
            "said",
            "state",
            "thursday"
        ],
        "freq": [
            88,
            88,
            40,
            116,
            105,
            42,
            29,
            42,
            30,
            26,
            28,
            29,
            37,
            66,
            31,
            30,
            109,
            80,
            88,
            30
        ],
        "topic_term_dists": [
            [
                0.36923743075490695,
                0.07057438675415974,
                0.0009720097534490012,
                0.13219826481421293,
                0.12361399293940344,
                0.0009721088953882682,
                0.0009720971046090568,
                0.0009720463719646097,
                0.0009720968572315196,
                0.0009720097543464317,
                0.0009722324174139826,
                0.0009720097543443755,
                0.0009720665202031101,
                0.0009722295234913496,
                0.0009720097540190615,
                0.0009721759692354295,
                0.05391933466257548,
                0.052327091628875624,
                0.13689221737893,
                0.04957218839123982
            ],
            [
                0.3022817739023392,
                0.12473451557486884,
                0.0008772697225491141,
                0.0008772932984644375,
                0.0008773007564673492,
                0.0008772651609813098,
                0.0008776622459601392,
                0.0008773345011243448,
                0.06746464974972739,
                0.08497564580489513,
                0.0008773519057605321,
                0.1292778664101426,
                0.0008773597912885003,
                0.0008775411743890847,
                0.0008772651602690002,
                0.0008772651599854118,
                0.16024699925014788,
                0.11961270191176747,
                0.0008776733564842461,
                0.0008772651623881135
            ],
            [
                0.06871865185531129,
                0.46856600243103075,
                0.0012571101611036967,
                0.0012571167908065773,
                0.0012571020995007618,
                0.0012572764542130286,
                0.10238616042089968,
                0.0012573029867003142,
                0.09927119528937485,
                0.001257071540348567,
                0.03706812384244575,
                0.0012571176535815499,
                0.0012571154432987155,
                0.08377346663754638,
                0.0012572578259813783,
                0.0012571416155702515,
                0.12387240030729602,
                0.0012573746612962748,
                0.0012575010515731826,
                0.0012575109321211282
            ],
            [
                0.0036028839659523236,
                0.0036028235125485273,
                0.0036026767974687646,
                0.11241573973304016,
                0.11766905976790007,
                0.0036031235868122582,
                0.003602751893789832,
                0.0036029191891837156,
                0.48142904592029206,
                0.0036026768106355283,
                0.0036026768748411114,
                0.0036026768107066246,
                0.12003085431786076,
                0.003602856195458436,
                0.0036027535122029703,
                0.00360267680050024,
                0.0036031747349166577,
                0.11441273976434752,
                0.003603212965737619,
                0.0036026768458046862
            ],
            [
                0.0015692221102708108,
                0.03778677576082699,
                0.40397953525568325,
                0.044986366912179984,
                0.043345556412978804,
                0.0015693119715153075,
                0.00156919783943728,
                0.0026895273838973906,
                0.0015692314365125428,
                0.0015694204155271645,
                0.04683855310078852,
                0.0015692721074917167,
                0.001569197840819088,
                0.035596219092447645,
                0.0015694460396713868,
                0.0015691978382114443,
                0.10157993294199118,
                0.0015696356907693716,
                0.26593483319611105,
                0.0015695666528690048
            ],
            [
                0.08684932403888025,
                0.00253681745054445,
                0.0008280015897473743,
                0.05990182684586786,
                0.06249664935666993,
                0.0008280015907867825,
                0.04924164523357194,
                0.0008280122331061353,
                0.0008280666259078824,
                0.020812723728821557,
                0.06955152562200005,
                0.0008280378105831759,
                0.10698874717956024,
                0.07796193906108831,
                0.0008280688914356068,
                0.0836279550653552,
                0.15996341399026967,
                0.15069488438133308,
                0.0635762501224805,
                0.0008281091819900108
            ],
            [
                0.0008269140004813707,
                0.0008269400409767848,
                0.00082697685997652,
                0.1461844221041297,
                0.1306958918024298,
                0.11471092679190222,
                0.0008268766799748575,
                0.2765582173318782,
                0.0008269196337747368,
                0.0008269487113393385,
                0.0008268674352717504,
                0.0008269237498474113,
                0.0008269309201949222,
                0.000826887932947818,
                0.12094521723638395,
                0.0008268879484651663,
                0.0008269610534958936,
                0.19932840491507786,
                0.0008269260580101535,
                0.000826958793441475
            ],
            [
                0.0006274867476114922,
                0.0006274932407966247,
                0.0006275159943678494,
                0.13475219434090566,
                0.13649734859909324,
                0.04454868869974175,
                0.0006274632528123215,
                0.054475625633798354,
                0.0006275194279036345,
                0.0006274505221633691,
                0.05616457328777247,
                0.0006275101737136569,
                0.0006274735940488442,
                0.13009669687808165,
                0.09539550605323366,
                0.0006274699826237578,
                0.18831639553200033,
                0.0006275026753746996,
                0.14030223909326364,
                0.013175846270692905
            ],
            [
                0.0011337365460267676,
                0.1851551801785935,
                0.0011340083257708367,
                0.4142401426552385,
                0.3183861681796823,
                0.0011338330649581134,
                0.0011338432329584837,
                0.0011337796148245657,
                0.016432006665239158,
                0.0011337234011939928,
                0.0011339064684867974,
                0.016592677768590438,
                0.01767230502806604,
                0.0011337747775353151,
                0.016658586272035543,
                0.0011338891375688987,
                0.0011349978544396386,
                0.0011342016142656412,
                0.0012555011014988124,
                0.0011337381130265875
            ],
            [
                0.0003612748879223343,
                0.039377177296668404,
                0.052223385960872955,
                0.0516045698980033,
                0.050081203413496214,
                0.07704759469839437,
                0.05494129406785658,
                0.00036126995071150605,
                0.00036128049275930977,
                0.05093845578939181,
                0.018840453145497385,
                0.04732582100848996,
                0.07076555619240675,
                0.09904995614199988,
                0.00036126889075419814,
                0.07261463953873164,
                0.07307089901425538,
                0.05816302741306948,
                0.09905798483633746,
                0.0834528873623811
            ]
        ],
        "doc_topic_dists": [
            [
                0.016670568760098516,
                0.01666666668006919,
                0.016666666685914686,
                0.016668406481056348,
                0.01667071648986217,
                0.016668451033827428,
                0.3252676658620158,
                0.5413789055185486,
                0.016673152781704302,
                0.01666879970690283
            ],
            [
                0.03333755258992111,
                0.03333333334229838,
                0.03333333334620511,
                0.03333674954006946,
                0.03333459240337999,
                0.03333530305424458,
                0.03333792255708916,
                0.03333789427402791,
                0.6999783065310534,
                0.03333501236171092
            ],
            [
                0.1,
                0.1,
                0.1,
                0.1,
                0.1,
                0.1,
                0.1,
                0.1,
                0.1,
                0.1
            ],
            [
                0.008334990792242064,
                0.008336083403098167,
                0.008336723024660942,
                0.008334455206360123,
                0.2912586940916092,
                0.00833595026283904,
                0.198043024789561,
                0.008336400100263151,
                0.4523487188338459,
                0.00833495949552041
            ],
            [
                0.008334990792242064,
                0.008336083403098167,
                0.008336723024660942,
                0.008334455206360123,
                0.2912586940916092,
                0.00833595026283904,
                0.198043024789561,
                0.008336400100263151,
                0.4523487188338459,
                0.00833495949552041
            ],
            [
                0.2716449161135079,
                0.007144083917374432,
                0.671202933566371,
                0.00714285718231936,
                0.007144514547271194,
                0.007144297134793276,
                0.007142857151791178,
                0.007144774104848503,
                0.007143208808002496,
                0.0071455574737207825
            ],
            [
                0.020003588349076,
                0.020002913245915323,
                0.02000220202401407,
                0.020002156160423914,
                0.0200025562382429,
                0.5054517856890636,
                0.020002903430415827,
                0.020006347222687553,
                0.33452056468885444,
                0.020004982951306507
            ],
            [
                0.01250392224565224,
                0.012503288682657343,
                0.0125102408563509,
                0.01250000008644557,
                0.6396385886903772,
                0.0125027123677045,
                0.01250000001957308,
                0.01250361547924528,
                0.012503334448406123,
                0.2603342971235879
            ],
            [
                0.014288354382872756,
                0.014289579150960638,
                0.014291449178157457,
                0.014288922532575004,
                0.014287224846494686,
                0.47604775321199866,
                0.014288826662943743,
                0.014288601417905574,
                0.4096406300198797,
                0.014288658596211784
            ],
            [
                0.014288354382872756,
                0.014289579150960638,
                0.014291449178157457,
                0.014288922532575004,
                0.014287224846494686,
                0.47604775321199866,
                0.014288826662943743,
                0.014288601417905574,
                0.4096406300198797,
                0.014288658596211784
            ],
            [
                0.014287807569386,
                0.014286982951929966,
                0.014287556349832935,
                0.014287081323474045,
                0.014288106571586658,
                0.014289637190933643,
                0.014287556440146794,
                0.4732009318440117,
                0.4124968894396185,
                0.014287450319079709
            ],
            [
                0.012501206825940036,
                0.012500228309320398,
                0.012500337215634675,
                0.3338970833709658,
                0.01250036004392862,
                0.012502245345224315,
                0.5660892350083115,
                0.012501991699309267,
                0.012505079834849844,
                0.012502232346515603
            ],
            [
                0.005882965196927561,
                0.005882352949934622,
                0.005882352953757654,
                0.00588334089104056,
                0.005886130587580374,
                0.005883635866842553,
                0.1818165934936714,
                0.005883391337853279,
                0.5204445292698642,
                0.2565547074525279
            ],
            [
                0.008335554934889128,
                0.10070189667871597,
                0.008335697988162903,
                0.008334557228672346,
                0.008335801304007184,
                0.008335719477378479,
                0.30138348764075185,
                0.24288952142437858,
                0.3050112557186526,
                0.008336507604390865
            ],
            [
                0.009092670477663883,
                0.9181725794148445,
                0.009092860514582751,
                0.00909324909522656,
                0.009091150081683394,
                0.009091920851829112,
                0.009091385667867836,
                0.009091242983886251,
                0.009091405002305904,
                0.009091535910109893
            ],
            [
                0.009092670477663883,
                0.9181725794148445,
                0.009092860514582751,
                0.00909324909522656,
                0.009091150081683394,
                0.009091920851829112,
                0.009091385667867836,
                0.009091242983886251,
                0.009091405002305904,
                0.009091535910109893
            ],
            [
                0.009092670477663883,
                0.9181725794148445,
                0.009092860514582751,
                0.00909324909522656,
                0.009091150081683394,
                0.009091920851829112,
                0.009091385667867836,
                0.009091242983886251,
                0.009091405002305904,
                0.009091535910109893
            ],
            [
                0.009092670477663883,
                0.9181725794148445,
                0.009092860514582751,
                0.00909324909522656,
                0.009091150081683394,
                0.009091920851829112,
                0.009091385667867836,
                0.009091242983886251,
                0.009091405002305904,
                0.009091535910109893
            ],
            [
                0.00454682263786933,
                0.7171663534673393,
                0.004547434485487557,
                0.004546274369110122,
                0.004546964456491855,
                0.24646077631494295,
                0.004545773223501098,
                0.004546878665726661,
                0.004545750307267157,
                0.0045469720722640565
            ],
            [
                0.00454682263786933,
                0.7171663534673393,
                0.004547434485487557,
                0.004546274369110122,
                0.004546964456491855,
                0.24646077631494295,
                0.004545773223501098,
                0.004546878665726661,
                0.004545750307267157,
                0.0045469720722640565
            ],
            [
                0.025003223963626635,
                0.025001024956049094,
                0.025001514036197048,
                0.34943672094890893,
                0.025000961889579308,
                0.02500150304378214,
                0.025003507876442357,
                0.025003480541949827,
                0.45054678025007844,
                0.025001282493386266
            ],
            [
                0.0076938153397703496,
                0.007693608083374696,
                0.007693151367349819,
                0.0076934044388907216,
                0.007695246305368369,
                0.00769436460947465,
                0.007693390271127265,
                0.007694453259022573,
                0.007695308090203898,
                0.9307532582354177
            ],
            [
                0.0076938153397703496,
                0.007693608083374696,
                0.007693151367349819,
                0.0076934044388907216,
                0.007695246305368369,
                0.00769436460947465,
                0.007693390271127265,
                0.007694453259022573,
                0.007695308090203898,
                0.9307532582354177
            ],
            [
                0.0076938153397703496,
                0.007693608083374696,
                0.007693151367349819,
                0.0076934044388907216,
                0.007695246305368369,
                0.00769436460947465,
                0.007693390271127265,
                0.007694453259022573,
                0.007695308090203898,
                0.9307532582354177
            ],
            [
                0.0076938153397703496,
                0.007693608083374696,
                0.007693151367349819,
                0.0076934044388907216,
                0.007695246305368369,
                0.00769436460947465,
                0.007693390271127265,
                0.007694453259022573,
                0.007695308090203898,
                0.9307532582354177
            ],
            [
                0.014291412487872242,
                0.014286352850168913,
                0.014286661693264483,
                0.014286847341522083,
                0.014288124589387323,
                0.014287778343958306,
                0.014287253636170501,
                0.8714008416141961,
                0.0142898634719219,
                0.014294863971538212
            ],
            [
                0.014295516083591473,
                0.014295423025067923,
                0.44044972722313674,
                0.014293998169050465,
                0.15952619814434715,
                0.014287875372800633,
                0.2999895518673951,
                0.014288272896545013,
                0.014286791055622037,
                0.014286646162443602
            ],
            [
                0.014288761054264883,
                0.014287991114329109,
                0.014287884687417516,
                0.1961544144786797,
                0.014289041334094543,
                0.014288525263949064,
                0.014287434128862497,
                0.6895376805398115,
                0.014290477924600704,
                0.014287789473990554
            ],
            [
                0.014288761054264883,
                0.014287991114329109,
                0.014287884687417516,
                0.1961544144786797,
                0.014289041334094543,
                0.014288525263949064,
                0.014287434128862497,
                0.6895376805398115,
                0.014290477924600704,
                0.014287789473990554
            ],
            [
                0.009091779647802552,
                0.00909114624619155,
                0.0090915985424216,
                0.009091329831811734,
                0.009092076222177396,
                0.009092187686792921,
                0.009094209067526985,
                0.9181707315141222,
                0.00909248347330796,
                0.009092457767845038
            ],
            [
                0.02500158931402985,
                0.025004502888701218,
                0.7749681767135034,
                0.02500000007254246,
                0.025003491214463956,
                0.02500647187951514,
                0.025000000016415367,
                0.02500916483396862,
                0.02500110285301389,
                0.025005500213846104
            ],
            [
                0.009094490253892397,
                0.009093203519235156,
                0.009091839821656698,
                0.0090920678150561,
                0.009092523827130966,
                0.5527107683084255,
                0.009092762857638322,
                0.3745461884831203,
                0.009093511401382454,
                0.009092643712462208
            ],
            [
                0.009094490253892397,
                0.009093203519235156,
                0.009091839821656698,
                0.0090920678150561,
                0.009092523827130966,
                0.5527107683084255,
                0.009092762857638322,
                0.3745461884831203,
                0.009093511401382454,
                0.009092643712462208
            ],
            [
                0.020000920959126114,
                0.020003726711347414,
                0.8199763262025099,
                0.020009191132169885,
                0.020001424234204805,
                0.020002952931248888,
                0.020000000012847286,
                0.02000258661959065,
                0.020000837300492503,
                0.02000203389646251
            ],
            [
                0.016668955957307982,
                0.01666757290159325,
                0.016667982284144747,
                0.01666827472873823,
                0.016668611408620054,
                0.016669832324485684,
                0.016670218422247182,
                0.8499776139612674,
                0.016672716973897033,
                0.016668221037698626
            ],
            [
                0.014286793623223683,
                0.014288465980276015,
                0.41151929106698915,
                0.01428571434771024,
                0.014287051679115618,
                0.47418248562151705,
                0.014285714299748238,
                0.01428788680203563,
                0.014287086648723824,
                0.0142895099306605
            ],
            [
                0.6241288496597008,
                0.005556506997750452,
                0.005557313702375588,
                0.00555607977944872,
                0.005556923097301663,
                0.3314157418446756,
                0.005556344179512978,
                0.005557505207739611,
                0.0055574358789725695,
                0.005557299652522007
            ],
            [
                0.02500346866713856,
                0.025000000036355066,
                0.02500345489116868,
                0.02500280130473877,
                0.02500542225487417,
                0.025008917446562497,
                0.025003775707149876,
                0.43361276685958716,
                0.3663561187121429,
                0.02500327412028235
            ],
            [
                0.050000000051856786,
                0.05000000004682194,
                0.050013954214765226,
                0.050000000194419254,
                0.05000505408504756,
                0.05001325578295006,
                0.05000000004399146,
                0.5499502180853306,
                0.050000000060422434,
                0.050017517434394594
            ],
            [
                0.010002735400818944,
                0.010002188210505266,
                0.01000071369991707,
                0.010002538277661687,
                0.010001676346215092,
                0.19704521655293503,
                0.010004290474213567,
                0.7229339906679708,
                0.010004420693151439,
                0.01000222967661099
            ],
            [
                0.009092366862855751,
                0.009092024457934531,
                0.1154671136072288,
                0.009091388245078557,
                0.009092199679899111,
                0.009091933950912378,
                0.0090945702286152,
                0.8117916060610816,
                0.009093993069924292,
                0.009092803836469642
            ],
            [
                0.005557243616631538,
                0.4837570694960859,
                0.19276029631312178,
                0.005556731370215691,
                0.005557602821889416,
                0.28458473135825146,
                0.005555952520412359,
                0.005557358422603125,
                0.005555847293108105,
                0.005557166787680674
            ],
            [
                0.012504230487295712,
                0.012500474346357572,
                0.012500688576135257,
                0.012500841635878784,
                0.012502084061781871,
                0.012501901179231723,
                0.012501858148625845,
                0.8874769765250644,
                0.012503151155704292,
                0.01250779388392463
            ],
            [
                0.005264690115662971,
                0.48521441329310144,
                0.005265079000846728,
                0.005264890165980355,
                0.005264299124508183,
                0.47267087981047856,
                0.005263565391490945,
                0.005264266030830165,
                0.005263479474658508,
                0.005264437592441928
            ],
            [
                0.020003508776334392,
                0.020001388645050442,
                0.020002016100106837,
                0.020002464345000574,
                0.020002980520722136,
                0.020004852772010997,
                0.020003348756801386,
                0.8199666073844897,
                0.02001045062970907,
                0.020002382069774467
            ],
            [
                0.012502069330563963,
                0.5454433060906612,
                0.012504448824382291,
                0.012503730399827469,
                0.012500688962646328,
                0.2027883994622049,
                0.1642503416668976,
                0.01250169341675607,
                0.012501909466160173,
                0.012503412379900115
            ],
            [
                0.010001068977560694,
                0.010000291183531127,
                0.01000064388967728,
                0.010000516601015488,
                0.010001175817768302,
                0.010001142416525468,
                0.010004082291302454,
                0.9099873549519232,
                0.010001933400376833,
                0.010001790470319277
            ],
            [
                0.008334327559190127,
                0.008335311405229728,
                0.008334939752686777,
                0.10798725099101568,
                0.00833428948208489,
                0.008335196555639374,
                0.5344833336140646,
                0.299186253958217,
                0.008334847588275419,
                0.008334249093596445
            ],
            [
                0.020005194586945628,
                0.5629042071851372,
                0.020010530689374872,
                0.020000000096454286,
                0.27706106282220794,
                0.02000407093383802,
                0.02000000002183475,
                0.02000584282286651,
                0.020003467103312866,
                0.020005623738027924
            ],
            [
                0.020005194586945628,
                0.5629042071851372,
                0.020010530689374872,
                0.020000000096454286,
                0.27706106282220794,
                0.02000407093383802,
                0.02000000002183475,
                0.02000584282286651,
                0.020003467103312866,
                0.020005623738027924
            ],
            [
                0.014289479022506999,
                0.014287068645524677,
                0.014286646989184174,
                0.014288852480563342,
                0.01428760508765373,
                0.8713951949350259,
                0.014290305698767944,
                0.014290755188072771,
                0.014295567920892784,
                0.014288524031807547
            ],
            [
                0.014287972546428308,
                0.014286806480217849,
                0.014286014820743837,
                0.8714082080604588,
                0.014286277420269857,
                0.014288471915091637,
                0.014289287323920102,
                0.014287744143965494,
                0.014291817048026489,
                0.014287400240877561
            ],
            [
                0.011113041989527306,
                0.011114419737137771,
                0.5109226046864126,
                0.011112970217917148,
                0.011111801163843674,
                0.011115549511308293,
                0.011114808622073572,
                0.011112785481192643,
                0.011111698616308804,
                0.4001703199742782
            ],
            [
                0.014290458394934043,
                0.014289918082504125,
                0.8714088081903425,
                0.014285714357096777,
                0.014287787059078048,
                0.014289970996293972,
                0.014285714301870723,
                0.014288303306713357,
                0.014286596348343814,
                0.014286728962822579
            ],
            [
