{
    "topic_word_count": {
        "topic0": [
            {
                "word": "county",
                "count": 69
            },
            {
                "word": "coronavirus",
                "count": 92
            },
            {
                "word": "state",
                "count": 65
            },
            {
                "word": "restrictions",
                "count": 52
            },
            {
                "word": "said",
                "count": 75
            },
            {
                "word": "pandemic",
                "count": 44
            },
            {
                "word": "news",
                "count": 31
            },
            {
                "word": "home",
                "count": 45
            },
            {
                "word": "pritzker",
                "count": 50
            },
            {
                "word": "health",
                "count": 39
            }
        ],
        "topic1": [
            {
                "word": "pandemic",
                "count": 44
            },
            {
                "word": "news",
                "count": 31
            },
            {
                "word": "covid",
                "count": 141
            },
            {
                "word": "said",
                "count": 75
            },
            {
                "word": "covid_19",
                "count": 134
            },
            {
                "word": "coronavirus",
                "count": 92
            },
            {
                "word": "restrictions",
                "count": 52
            },
            {
                "word": "state",
                "count": 65
            },
            {
                "word": "home",
                "count": 45
            },
            {
                "word": "deaths",
                "count": 57
            }
        ],
        "topic2": [
            {
                "word": "covid",
                "count": 141
            },
            {
                "word": "covid_19",
                "count": 134
            },
            {
                "word": "pritzker",
                "count": 50
            },
            {
                "word": "state",
                "count": 65
            },
            {
                "word": "said",
                "count": 75
            },
            {
                "word": "restrictions",
                "count": 52
            },
            {
                "word": "home",
                "count": 45
            },
            {
                "word": "pandemic",
                "count": 44
            },
            {
                "word": "news",
                "count": 31
            },
            {
                "word": "wednesday",
                "count": 30
            }
        ],
        "topic3": [
            {
                "word": "home",
                "count": 45
            },
            {
                "word": "restrictions",
                "count": 52
            },
            {
                "word": "coronavirus",
                "count": 92
            },
            {
                "word": "wednesday",
                "count": 30
            },
            {
                "word": "covid_19",
                "count": 134
            },
            {
                "word": "covid",
                "count": 141
            },
            {
                "word": "news",
                "count": 31
            },
            {
                "word": "pandemic",
                "count": 44
            },
            {
                "word": "deaths",
                "count": 57
            },
            {
                "word": "health",
                "count": 39
            }
        ],
        "topic4": [
            {
                "word": "new",
                "count": 42
            },
            {
                "word": "coronavirus",
                "count": 92
            },
            {
                "word": "restrictions",
                "count": 52
            },
            {
                "word": "wednesday",
                "count": 30
            },
            {
                "word": "health",
                "count": 39
            },
            {
                "word": "covid_19",
                "count": 134
            },
            {
                "word": "covid",
                "count": 141
            },
            {
                "word": "said",
                "count": 75
            },
            {
                "word": "pandemic",
                "count": 44
            },
            {
                "word": "home",
                "count": 45
            }
        ],
        "topic5": [
            {
                "word": "cases",
                "count": 51
            },
            {
                "word": "state",
                "count": 65
            },
            {
                "word": "covid_19",
                "count": 134
            },
            {
                "word": "covid",
                "count": 141
            },
            {
                "word": "home",
                "count": 45
            },
            {
                "word": "restrictions",
                "count": 52
            },
            {
                "word": "new",
                "count": 42
            },
            {
                "word": "said",
                "count": 75
            },
            {
                "word": "health",
                "count": 39
            },
            {
                "word": "deaths",
                "count": 57
            }
        ],
        "topic6": [
            {
                "word": "covid",
                "count": 141
            },
            {
                "word": "covid_19",
                "count": 134
            },
            {
                "word": "cases",
                "count": 51
            },
            {
                "word": "deaths",
                "count": 57
            },
            {
                "word": "home",
                "count": 45
            },
            {
                "word": "health",
                "count": 39
            },
            {
                "word": "coronavirus",
                "count": 92
            },
            {
                "word": "said",
                "count": 75
            },
            {
                "word": "news",
                "count": 31
            },
            {
                "word": "restrictions",
                "count": 52
            }
        ],
        "topic7": [
            {
                "word": "coronavirus",
                "count": 92
            },
            {
                "word": "state",
                "count": 65
            },
            {
                "word": "pritzker",
                "count": 50
            },
            {
                "word": "restrictions",
                "count": 52
            },
            {
                "word": "pandemic",
                "count": 44
            },
            {
                "word": "new",
                "count": 42
            },
            {
                "word": "cases",
                "count": 51
            },
            {
                "word": "wednesday",
                "count": 30
            },
            {
                "word": "news",
                "count": 31
            },
            {
                "word": "said",
                "count": 75
            }
        ],
        "topic8": [
            {
                "word": "health",
                "count": 39
            },
            {
                "word": "said",
                "count": 75
            },
            {
                "word": "covid",
                "count": 141
            },
            {
                "word": "covid_19",
                "count": 134
            },
            {
                "word": "news",
                "count": 31
            },
            {
                "word": "pandemic",
                "count": 44
            },
            {
                "word": "state",
                "count": 65
            },
            {
                "word": "coronavirus",
                "count": 92
            },
            {
                "word": "wednesday",
                "count": 30
            },
            {
                "word": "deaths",
                "count": 57
            }
        ],
        "topic9": [
            {
                "word": "county",
                "count": 69
            },
            {
                "word": "deaths",
                "count": 57
            },
            {
                "word": "said",
                "count": 75
            },
            {
                "word": "coronavirus",
                "count": 92
            },
            {
                "word": "wednesday",
                "count": 30
            },
            {
                "word": "pandemic",
                "count": 44
            },
            {
                "word": "covid",
                "count": 141
            },
            {
                "word": "covid_19",
                "count": 134
            },
            {
                "word": "new",
                "count": 42
            },
            {
                "word": "state",
                "count": 65
            }
        ]
    },
    "data": {
        "vocab": [
            "cases",
            "coronavirus",
            "county",
            "covid",
            "covid_19",
            "deaths",
            "health",
            "home",
            "new",
            "news",
            "pandemic",
            "pritzker",
            "restrictions",
            "said",
            "state",
            "wednesday"
        ],
        "freq": [
            51,
            92,
            69,
            141,
            134,
            57,
            39,
            45,
            42,
            31,
            44,
            50,
            52,
            75,
            65,
            30
        ],
        "topic_term_dists": [
            [
                0.0011492383539618526,
                0.187037534576156,
                0.306834540343661,
                0.0011492550006323727,
                0.0011492587625248102,
                0.0011517002671476116,
                0.03595295639241868,
                0.042477593304481906,
                0.0011491435326098668,
                0.05204018828934451,
                0.05860725101274718,
                0.03881489457463055,
                0.06632155787447673,
                0.06435479080510932,
                0.11021541544370748,
                0.031594681466390134
            ],
            [
                0.06249998007550985,
                0.06250000888759784,
                0.062499981828652316,
                0.06250000940569857,
                0.06250000899289773,
                0.06250000108763738,
                0.06249998926769701,
                0.06250000144739112,
                0.06249998571468754,
                0.0625000139965931,
                0.06250001599821321,
                0.06249998488627221,
                0.06250000736479314,
                0.0625000090461159,
                0.06250000167526014,
                0.06250000032498301
            ],
            [
                0.0005289221386094412,
                0.0005289313204716572,
                0.000528923156732355,
                0.2114885599199455,
                0.20702450227982566,
                0.000528968949146794,
                0.0005289180846055257,
                0.04946721076227266,
                0.0005289846807864254,
                0.027711540842493426,
                0.04283821785566434,
                0.1793459852768172,
                0.08179763495175604,
                0.09023562598589768,
                0.10638799827853027,
                0.0005290755164451054
            ],
            [
                0.0011706096081800692,
                0.13526933240515848,
                0.0011704560848458296,
                0.08711334155905194,
                0.08767318827397799,
                0.04532962557430933,
                0.03548461899155018,
                0.20239701409049568,
                0.0011704628723707123,
                0.05780838790520027,
                0.05423745852652978,
                0.0011706158189386461,
                0.15269455064848533,
                0.0011706016166311026,
                0.02962776527204864,
                0.10651197075222603
            ],
            [
                0.0015386785518644542,
                0.22375539969433567,
                0.0015385641196326565,
                0.0073424983867815975,
                0.008099948404058217,
                0.0015386555044506185,
                0.030355084491334068,
                0.0015386786385286348,
                0.5487046771436255,
                0.0015385038312572456,
                0.0015388138530799597,
                0.0015385904317380137,
                0.08805452324353508,
                0.002917941018093377,
                0.001538649518316747,
                0.07846079316936808
            ],
            [
                0.47380730749309335,
                0.0013372168447149072,
                0.0013372155118344087,
                0.0978731544903767,
                0.09970520994795774,
                0.0013374845980849044,
                0.0013374872513852735,
                0.07756804461936276,
                0.04344436738653748,
                0.0013372328494724505,
                0.0013370804658690615,
                0.001337220142954011,
                0.04411393313067252,
                0.0013752081950970955,
                0.15141468539096042,
                0.0013371516816268105
            ],
            [
                0.08189477955087598,
                0.03665616103827147,
                0.0005377720577614026,
                0.33007825112196204,
                0.3149530973346167,
                0.06317028941526445,
                0.044593375382333586,
                0.05030584708690065,
                0.01132356750064843,
                0.018109895170372436,
                0.006288902584612757,
                0.0005376601292500017,
                0.01199080733439092,
                0.028484264711277525,
                0.0005376866640615167,
                0.0005376429174001455
            ],
            [
                0.009700295872801079,
                0.3426885285587995,
                0.001537699934999139,
                0.0015377842685589914,
                0.0015377049686221837,
                0.001537788807273693,
                0.0015376864894530709,
                0.001537721990915298,
                0.021196554599198697,
                0.0015378384995739644,
                0.07240778545954277,
                0.20007487487298561,
                0.11014933933597856,
                0.001537796587588437,
                0.2299426797417476,
                0.0015379200119614513
            ],
            [
                0.000906795008145313,
                0.04042630995586877,
                0.0009067782552558801,
                0.14467309717943636,
                0.13411950461339595,
                0.0009069415445432837,
                0.20920961578439137,
                0.0009067922648708357,
                0.000906856082188929,
                0.12172648716110569,
                0.08160761779725278,
                0.0009068027456967656,
                0.000906783167574393,
                0.19675604427477883,
                0.0642265490426163,
                0.0009070251228786101
            ],
            [
                0.0005926056949021221,
                0.09931248410895299,
                0.2518346003250488,
                0.05406286781075717,
                0.03976470262539723,
                0.24696716921396852,
                0.0005925889641278711,
                0.0005925897889662503,
                0.0005926662867924308,
                0.0005925957032782639,
                0.07103465809650543,
                0.0005925985039778255,
                0.0005925955802787736,
                0.1525793136672023,
                0.0005926350220521947,
                0.07970332860779195
            ]
        ],
        "doc_topic_dists": [
            [
                0.016669220687140926,
                0.016666667807663536,
                0.016668516758398064,
                0.289696709537603,
                0.5769579993576602,
                0.016668749718362092,
                0.016667984501231952,
                0.016670009747629496,
                0.016666886737141014,
                0.016667255147169685
            ],
            [
                0.012501758720630397,
                0.012500001105741279,
                0.8874786859240783,
                0.01250408561091858,
                0.012500023965202476,
                0.01250265874387704,
                0.012506341333717884,
                0.012502127495129897,
                0.012502884039674544,
                0.012501433061029596
            ],
            [
                0.005883179363829509,
                0.00588235342634116,
                0.005883179700864913,
                0.0058830625728839275,
                0.005887415265816189,
                0.005883019919436087,
                0.0058825011530595035,
                0.9470497861260624,
                0.005882786893260673,
                0.005882715578445622
            ],
            [
                0.4111766742227262,
                0.01000000077620327,
                0.01000105086777102,
                0.010001435628128177,
                0.010001700292486874,
                0.010000660074742193,
                0.010000686907761595,
                0.010003454031783876,
                0.5088121512585622,
                0.010002185939834759
            ],
            [
                0.3741890441828873,
                0.011111112193945862,
                0.011111821923684963,
                0.011112699988919216,
                0.01111354144257322,
                0.12222093754543317,
                0.011112881778440544,
                0.011114614006595632,
                0.4257990791415058,
                0.011114267796014297
            ],
            [
                0.493247252026713,
                0.009090909910404827,
                0.009093765516677956,
                0.00909340375926096,
                0.009092697506532129,
                0.009091940246038096,
                0.4340094111761301,
                0.00909347879848773,
                0.009093465180522863,
                0.009093675879232344
            ],
            [
                0.020003293297983806,
                0.020000001202095462,
                0.020003302810279195,
                0.02000204257212916,
                0.02000106221265282,
                0.020001071415764408,
                0.02000026399515832,
                0.8199841986726117,
                0.02000257086571874,
                0.02000219295560639
            ],
            [
                0.02000248750786742,
                0.020000001728811494,
                0.8199740962027408,
                0.020003300989429987,
                0.020000035050180835,
                0.020001476019807934,
                0.020005301938400683,
                0.020004479446044107,
                0.020005328109386787,
                0.02000349300732994
            ],
            [
                0.00833570001938674,
                0.008333334238728405,
                0.008334679666382221,
                0.008334237144846126,
                0.09376313876125479,
                0.18515418117731863,
                0.008334246755671782,
                0.20641503793722307,
                0.00833387172851226,
                0.46466157257067603
            ],
            [
                0.01666958833273285,
                0.016666667557370035,
                0.016668391332750148,
                0.016669634610310746,
                0.28471158100005467,
                0.01666845435979254,
                0.016667104045663014,
                0.5819437781275745,
                0.01666738806864491,
                0.01666741256510657
            ],
            [
                0.00588255672820052,
                0.005882353262692897,
                0.005882352943113771,
                0.0058827796154549365,
                0.07087235348568127,
                0.00588251133180407,
                0.005883069799651303,
                0.005882791067481583,
                0.005882393328430138,
                0.8820668384374896
            ],
            [
                0.004001459170481076,
                0.004000000466611104,
                0.004000534251894348,
                0.004000605012787343,
                0.10195915584714435,
                0.33638748377722016,
                0.4267451535406461,
                0.00400004041987301,
                0.004001346416490904,
                0.11090422109685161
            ],
            [
                0.020000748101469228,
                0.02000000107038324,
                0.020005803761788062,
                0.0200022401202798,
                0.02000024044809274,
                0.020002261339011406,
                0.02000848895906984,
                0.02000000001882663,
                0.8199778678903828,
                0.020002348290696047
            ],
            [
                0.012501189622911996,
                0.012500000805705304,
                0.887483306419689,
                0.012501941592728065,
                0.012500599686882372,
                0.012501277797355414,
                0.01250458934280919,
                0.01250073275679971,
                0.012503957038464086,
                0.012502404936654896
            ],
            [
                0.7480428813149586,
                0.009090910387504184,
                0.009094015920262951,
                0.00909509758504343,
                0.009092361096538158,
                0.009092286271939047,
                0.009091919383694982,
                0.009094878206288426,
                0.00909117156876715,
                0.1792144782650031
            ],
            [
                0.03333818074304129,
                0.03333333604648129,
                0.03333594306033973,
                0.03333879744617183,
                0.03333333338106335,
                0.03333333337481791,
                0.03333494346660556,
                0.03333333338108396,
                0.6999854657487623,
                0.03333333335163283
            ],
            [
                0.025003416301097862,
                0.025000001896355453,
                0.025001824007294057,
                0.02500404693324685,
                0.025000000033360913,
                0.025000000028995665,
                0.02500112537419515,
                0.02500000003337532,
                0.7749895853792883,
                0.025000000012790444
            ],
            [
                0.01428814174404241,
                0.014285714964153763,
                0.014287582938956175,
                0.014288637064004328,
                0.014287882717852656,
                0.014287256139553188,
                0.014286005743403121,
                0.8714163484147338,
                0.014286282369343234,
                0.01428614790395731
            ],
            [
                0.007694848059433318,
                0.007692308520627598,
                0.00769364781871163,
                0.007693992029496003,
                0.06760177269578249,
                0.007695169681309283,
                0.6568698829411113,
                0.007692423875630358,
                0.007692999977839461,
                0.22167295440005869
            ],
            [
                0.006668144878773361,
                0.0066666676165944225,
                0.22580623255890933,
                0.006667716004143973,
                0.1852827166757087,
                0.006670038930178454,
                0.3761226889278985,
                0.006669412821440301,
                0.17277701352378927,
                0.006669368062563672
            ],
            [
                0.005884621379464995,
                0.005882354148415749,
                0.005883459825422471,
                0.005883778197570813,
                0.0058913455256051975,
                0.005885134574932195,
                0.7564926553528724,
                0.005882595469515159,
                0.00588492577602899,
                0.19642912975017204
            ],
            [
                0.0111136164609721,
                0.011111111887961876,
                0.011112487938487436,
                0.8999866702053466,
                0.011113761498773054,
                0.011111667948315532,
                0.011111606398615153,
                0.011114991913212455,
                0.011112329768233587,
                0.01111175598008229
            ],
            [
                0.016668487573942965,
                0.01666666826268568,
                0.016673938779909858,
                0.849968157435856,
                0.016667314525754172,
                0.016669766234648185,
                0.016675536379204867,
                0.016668861403362257,
                0.016671938313911176,
                0.016669331090724833
            ],
            [
                0.007143544504587609,
                0.007142857845324397,
                0.7504388426833445,
                0.0071439851231653645,
                0.07328009126844547,
                0.12627355966937698,
                0.00714509467334059,
                0.0071443959603647985,
                0.007144156067923693,
                0.007143472204126555
            ],
            [
                0.011112482981639523,
                0.011111112007189193,
                0.8999865482824909,
                0.011115256497338317,
                0.011111120365030919,
                0.011113434514586233,
                0.011113342761797422,
                0.011113476820469363,
                0.011111930013448923,
                0.01111129575600908
            ],
            [
                0.008335210109958888,
                0.008333334030744096,
                0.008336002407254114,
                0.008335057155469899,
                0.008334101720611848,
                0.00833434549032995,
                0.008337113916987087,
                0.008334374125237255,
                0.00833575832903074,
                0.9249847027143762
            ],
            [
                0.008335210109958888,
                0.008333334030744096,
                0.008336002407254114,
                0.008335057155469899,
                0.008334101720611848,
                0.00833434549032995,
                0.008337113916987087,
                0.008334374125237255,
                0.00833575832903074,
                0.9249847027143762
            ],
            [
                0.008335210109958888,
                0.008333334030744096,
                0.008336002407254114,
                0.008335057155469899,
                0.008334101720611848,
                0.00833434549032995,
                0.008337113916987087,
                0.008334374125237255,
                0.00833575832903074,
                0.9249847027143762
            ],
            [
                0.008335210109958888,
                0.008333334030744096,
                0.008336002407254114,
                0.008335057155469899,
                0.008334101720611848,
                0.00833434549032995,
                0.008337113916987087,
                0.008334374125237255,
                0.00833575832903074,
                0.9249847027143762
            ],
            [
                0.008335210109958888,
                0.008333334030744096,
                0.008336002407254114,
                0.008335057155469899,
                0.008334101720611848,
                0.00833434549032995,
                0.008337113916987087,
                0.008334374125237255,
                0.00833575832903074,
                0.9249847027143762
            ],
            [
                0.012503500935427063,
                0.012500000835954452,
                0.012500661591323745,
                0.012501994238233175,
                0.012501791920533892,
                0.012500000013262957,
                0.012500467027384297,
                0.012502507810448257,
                0.012501573919542404,
                0.8874875017078898
            ],
            [
                0.012503500935427063,
                0.012500000835954452,
                0.012500661591323745,
                0.012501994238233175,
                0.012501791920533892,
                0.012500000013262957,
                0.012500467027384297,
                0.012502507810448257,
                0.012501573919542404,
                0.8874875017078898
            ],
            [
                0.012503500935427063,
                0.012500000835954452,
                0.012500661591323745,
                0.012501994238233175,
                0.012501791920533892,
                0.012500000013262957,
                0.012500467027384297,
                0.012502507810448257,
                0.012501573919542404,
                0.8874875017078898
            ],
            [
                0.012503500935427063,
                0.012500000835954452,
                0.012500661591323745,
                0.012501994238233175,
                0.012501791920533892,
                0.012500000013262957,
                0.012500467027384297,
                0.012502507810448257,
                0.012501573919542404,
                0.8874875017078898
            ],
            [
                0.012503500935427063,
                0.012500000835954452,
                0.012500661591323745,
                0.012501994238233175,
                0.012501791920533892,
                0.012500000013262957,
                0.012500467027384297,
                0.012502507810448257,
                0.012501573919542404,
                0.8874875017078898
            ],
            [
                0.012502858390523319,
                0.012500001083542883,
                0.012503863809243952,
                0.012502688966713296,
                0.012501500253134946,
                0.012501374632241533,
                0.16068097072065302,
                0.012502929125712915,
                0.012503881909006441,
                0.7392999311092278
            ],
            [
                0.3528185524021513,
                0.011111112432561179,
                0.011114070336435368,
                0.011114342551488167,
                0.01111331503040321,
                0.19067346387297998,
                0.011112418730435522,
                0.011115803467682999,
                0.011113833041860921,
                0.37871308813400134
            ],
            [
                0.016670005169308756,
                0.01666666826203203,
                0.8499725617895617,
                0.016671080325076134,
                0.01666778844879107,
                0.01666965381146219,
                0.01667023277085393,
                0.01667229580142574,
                0.016670766871167277,
                0.01666894675032099
            ],
            [
                0.011112439090686009,
                0.011111112001131159,
                0.011114831125963025,
                0.011113581089618369,
                0.011111130044206318,
                0.011112516936016982,
                0.8999838238226838,
                0.011111111126767536,
                0.011115464428898754,
                0.01111399033402806
            ],
            [
                0.050012321597600475,
                0.05000000176240867,
                0.05000000001061129,
                0.05000877697350172,
                0.05001517731359893,
                0.05000000002694434,
                0.05000229470349578,
                0.5499524836128721,
                0.0500024331483358,
                0.05000651085063077
            ],
            [
                0.050012321597600475,
                0.05000000176240867,
                0.05000000001061129,
                0.05000877697350172,
                0.05001517731359893,
                0.05000000002694434,
                0.05000229470349578,
                0.5499524836128721,
                0.0500024331483358,
                0.05000651085063077
            ],
            [
                0.0076938690523137305,
                0.007692308677697487,
                0.007694990147347997,
                0.007696090784502445,
                0.0076942318183402325,
                0.007694727795305976,
                0.9307516771809285,
                0.007694477166622862,
                0.007695103502617541,
                0.007692523874323227
            ],
            [
                0.3443303961791406,
                0.010000001269688316,
                0.010001117041404852,
                0.010003121002126025,
                0.010001131428765483,
                0.010004274158406604,
                0.5756514268127705,
                0.010001424674837953,
                0.010002593153850025,
                0.010004514279009698
            ],
            [
                0.006251299834157536,
                0.006250000747028537,
                0.692834883638506,
                0.006252310361121649,
                0.2571534921400388,
                0.006250897316419963,
                0.006251377463268213,
                0.006253528553504934,
                0.006250982109176633,
                0.006251227836777752
            ],
            [
                0.020000000007062167,
                0.020000000538133132,
                0.02000434696142544,
                0.020001687761961286,
                0.02000004534587245,
                0.020001908538889845,
                0.8199883231119939,
                0.020000000009465082,
                0.02000278463808534,
                0.02000090308711131
            ],
            [
                0.01428799217202594,
                0.014285716589528097,
                0.01428792300329965,
                0.014289659452227344,
                0.014285724754154018,
                0.01429065262426715,
                0.8714023261139364,
                0.014285749563114025,
                0.014292119875126784,
                0.014292135852320673
            ],
            [
                0.012501220659920811,
                0.01250000120289922,
                0.7621636346424087,
                0.012503326737788773,
                0.13782062309670676,
                0.012501991380139224,
                0.012503856502398466,
                0.012501601515597514,
                0.01250232825239069,
                0.012501416009749685
            ],
            [
                0.014288690545511006,
                0.014285715396934625,
                0.014289206792355099,
                0.014287051473386466,
                0.014287595765133523,
                0.014285714304966252,
                0.014286785018541956,
                0.3518257678113245,
                0.014289409159699427,
                0.5338740637321471
            ],
            [
                0.005001159172986207,
                0.005000000466762888,
                0.005000828764434024,
                0.005001532761137525,
                0.005001029166527204,
                0.005001347573878429,
                0.9549904170210658,
                0.005001594514482665,
                0.005001182353071861,
                0.005000908205653312
            ],
            [
                0.009092082331474892,
                0.009090910096363529,
                0.009091985790899183,
                0.5316864659840351,
                0.00909182084733789,
                0.00909600310829374,
                0.3955726537194507,
                0.009092042647663438,
                0.009093188756912752,
                0.009092846717568624
            ],
            [
                0.011112493803346862,
                0.011111111579691853,
                0.011111961931356173,
                0.011113218210592543,
                0.899990919356109,
                0.01111163559785472,
                0.011111376417096934,
                0.011114531003278286,
                0.011111255331336284,
                0.01111149676933747
            ],
            [
                0.012503588919536257,
                0.012500000784522704,
                0.012503194829059483,
                0.012501013624925589,
                0.012500027708508664,
                0.012501146320506255,
                0.4816116428256122,
                0.01250000001379854,
                0.012503066299841048,
                0.41837631867368946
            ],
            [
                0.011112493803346862,
                0.011111111579691853,
                0.011111961931356173,
                0.011113218210592543,
                0.899990919356109,
                0.01111163559785472,
                0.011111376417096934,
                0.011114531003278286,
                0.011111255331336284,
                0.01111149676933747
            ],
            [
                0.016671380449432564,
                0.01666666922694178,
                0.016673109590201747,
                0.016670235879956814,
                0.016666918724039338,
                0.016673720443584856,
                0.45877719435469433,
                0.01667609247387631,
                0.4078487049091447,
                0.016675973948127455
            ],
            [
                0.1345025841757522,
                0.010000001012034193,
                0.5841644355515437,
                0.010000990048966735,
                0.21131819134962074,
                0.010001911351645236,
                0.010003844926119214,
                0.010001120780999092,
                0.01000283130590392,
                0.01000408949741504
            ],
            [
                0.008335436517161995,
                0.008333334458853944,
                0.008335900277729688,
                0.9249802403434341,
                0.008334376493154817,
                0.00833542055307407,
                0.008336000922680522,
                0.008336594582844196,
                0.008336813965179084,
                0.008335881885887662
            ],
            [
                0.011112646106067235,
                0.01111111202892637,
                0.899983844976179,
                0.011113948288918173,
                0.011112017919763854,
                0.011112304962095476,
                0.011114173410639092,
                0.01111294860081948,
                0.011114043175572658,
                0.011112960531018757
            ],
            [
                0.3398818863811748,
                0.0076923085085704385,
                0.007693337046582108,
                0.007694224448585843,
                0.007692957660622108,
                0.007694866850052277,
                0.598567795272056,
                0.007693123337503665,
                0.0076940291865070475,
                0.007695471308345729
            ],
            [
