{
    "topic_word_count": {
        "topic0": [
            {
                "word": "coronavirus",
                "count": 116
            },
            {
                "word": "june",
                "count": 34
            },
            {
                "word": "state",
                "count": 63
            },
            {
                "word": "pandemic",
                "count": 58
            },
            {
                "word": "covid_19",
                "count": 86
            },
            {
                "word": "covid",
                "count": 91
            },
            {
                "word": "new_york",
                "count": 58
            },
            {
                "word": "york",
                "count": 58
            },
            {
                "word": "coronavirus_pandemic",
                "count": 27
            },
            {
                "word": "said",
                "count": 59
            }
        ],
        "topic1": [
            {
                "word": "york",
                "count": 58
            },
            {
                "word": "new_york",
                "count": 58
            },
            {
                "word": "coronavirus",
                "count": 116
            },
            {
                "word": "york_new",
                "count": 31
            },
            {
                "word": "health",
                "count": 42
            },
            {
                "word": "said",
                "count": 59
            },
            {
                "word": "pandemic",
                "count": 58
            },
            {
                "word": "coronavirus_pandemic",
                "count": 27
            },
            {
                "word": "time",
                "count": 32
            },
            {
                "word": "june",
                "count": 34
            }
        ],
        "topic2": [
            {
                "word": "time",
                "count": 32
            },
            {
                "word": "health",
                "count": 42
            },
            {
                "word": "covid",
                "count": 91
            },
            {
                "word": "covid_19",
                "count": 86
            },
            {
                "word": "pandemic",
                "count": 58
            },
            {
                "word": "said",
                "count": 59
            },
            {
                "word": "coronavirus",
                "count": 116
            },
            {
                "word": "york",
                "count": 58
            },
            {
                "word": "new_york",
                "count": 58
            },
            {
                "word": "state",
                "count": 63
            }
        ],
        "topic3": [
            {
                "word": "state",
                "count": 63
            },
            {
                "word": "covid",
                "count": 91
            },
            {
                "word": "covid_19",
                "count": 86
            },
            {
                "word": "said",
                "count": 59
            },
            {
                "word": "june",
                "count": 34
            },
            {
                "word": "coronavirus",
                "count": 116
            },
            {
                "word": "york",
                "count": 58
            },
            {
                "word": "new_york",
                "count": 58
            },
            {
                "word": "pandemic",
                "count": 58
            },
            {
                "word": "york_new",
                "count": 31
            }
        ],
        "topic4": [
            {
                "word": "said",
                "count": 59
            },
            {
                "word": "coronavirus",
                "count": 116
            },
            {
                "word": "june",
                "count": 34
            },
            {
                "word": "covid_19",
                "count": 86
            },
            {
                "word": "covid",
                "count": 91
            },
            {
                "word": "health",
                "count": 42
            },
            {
                "word": "state",
                "count": 63
            },
            {
                "word": "time",
                "count": 32
            },
            {
                "word": "pandemic",
                "count": 58
            },
            {
                "word": "york",
                "count": 58
            }
        ],
        "topic5": [
            {
                "word": "covid",
                "count": 91
            },
            {
                "word": "pandemic",
                "count": 58
            },
            {
                "word": "covid_19",
                "count": 86
            },
            {
                "word": "said",
                "count": 59
            },
            {
                "word": "coronavirus",
                "count": 116
            },
            {
                "word": "state",
                "count": 63
            },
            {
                "word": "time",
                "count": 32
            },
            {
                "word": "health",
                "count": 42
            },
            {
                "word": "coronavirus_pandemic",
                "count": 27
            },
            {
                "word": "june",
                "count": 34
            }
        ],
        "topic6": [
            {
                "word": "covid",
                "count": 91
            },
            {
                "word": "covid_19",
                "count": 86
            },
            {
                "word": "health",
                "count": 42
            },
            {
                "word": "said",
                "count": 59
            },
            {
                "word": "june",
                "count": 34
            },
            {
                "word": "state",
                "count": 63
            },
            {
                "word": "coronavirus",
                "count": 116
            },
            {
                "word": "time",
                "count": 32
            },
            {
                "word": "pandemic",
                "count": 58
            },
            {
                "word": "york_new",
                "count": 31
            }
        ],
        "topic7": [
            {
                "word": "pandemic",
                "count": 58
            },
            {
                "word": "coronavirus",
                "count": 116
            },
            {
                "word": "coronavirus_pandemic",
                "count": 27
            },
            {
                "word": "said",
                "count": 59
            },
            {
                "word": "june",
                "count": 34
            },
            {
                "word": "new_york",
                "count": 58
            },
            {
                "word": "york",
                "count": 58
            },
            {
                "word": "state",
                "count": 63
            },
            {
                "word": "time",
                "count": 32
            },
            {
                "word": "covid_19",
                "count": 86
            }
        ],
        "topic8": [
            {
                "word": "state",
                "count": 63
            },
            {
                "word": "health",
                "count": 42
            },
            {
                "word": "coronavirus",
                "count": 116
            },
            {
                "word": "pandemic",
                "count": 58
            },
            {
                "word": "time",
                "count": 32
            },
            {
                "word": "coronavirus_pandemic",
                "count": 27
            },
            {
                "word": "new_york",
                "count": 58
            },
            {
                "word": "york",
                "count": 58
            },
            {
                "word": "covid_19",
                "count": 86
            },
            {
                "word": "covid",
                "count": 91
            }
        ],
        "topic9": [
            {
                "word": "covid",
                "count": 91
            },
            {
                "word": "new_york",
                "count": 58
            },
            {
                "word": "york",
                "count": 58
            },
            {
                "word": "covid_19",
                "count": 86
            },
            {
                "word": "york_new",
                "count": 31
            },
            {
                "word": "coronavirus",
                "count": 116
            },
            {
                "word": "said",
                "count": 59
            },
            {
                "word": "pandemic",
                "count": 58
            },
            {
                "word": "state",
                "count": 63
            },
            {
                "word": "time",
                "count": 32
            }
        ]
    },
    "data": {
        "vocab": [
            "coronavirus",
            "coronavirus_pandemic",
            "covid",
            "covid_19",
            "health",
            "june",
            "new_york",
            "pandemic",
            "said",
            "state",
            "time",
            "york",
            "york_new"
        ],
        "freq": [
            116,
            27,
            91,
            86,
            42,
            34,
            58,
            58,
            59,
            63,
            32,
            58,
            31
        ],
        "topic_term_dists": [
            [
                0.5598056192684555,
                0.0014020330132771828,
                0.0014021522165748384,
                0.0014021560825177547,
                0.0014019941233369428,
                0.27623460060915644,
                0.001402097439854134,
                0.001402169969072822,
                0.0014020288041164425,
                0.14993903880203957,
                0.001401998658060222,
                0.0014020974398526282,
                0.0014020135736854881
            ],
            [
                0.1431927544948716,
                0.0625955179514669,
                0.0006214214783457861,
                0.0006214217303486581,
                0.07407245252650962,
                0.0006214834359108429,
                0.21485758322685874,
                0.06510497766756392,
                0.06897605781782003,
                0.0006214401446969045,
                0.05128571815483823,
                0.21485758322754983,
                0.10257158814321893
            ],
            [
                0.002141639874067329,
                0.0021413888521874046,
                0.1187647447927981,
                0.11729509286566342,
                0.12862082200596983,
                0.0021413565848411925,
                0.0021414410491389915,
                0.09751109977373798,
                0.052855929185011696,
                0.0021414311573009583,
                0.4699621981927665,
                0.002141441049139011,
                0.0021414146173774577
            ],
            [
                0.00121569826117922,
                0.001215550874459576,
                0.1988232030480366,
                0.178388322621008,
                0.0012155671792170406,
                0.02199551944796853,
                0.0012156123852015224,
                0.001215597444852281,
                0.09562029627107006,
                0.49544786221581355,
                0.0012155615331261077,
                0.0012156123852015348,
                0.0012155963328659028
            ],
            [
                0.3231327671724191,
                0.0015827503893902737,
                0.01118032112482695,
                0.015488562092318886,
                0.0015830105455841557,
                0.20239187573318568,
                0.001582750392700536,
                0.0015827591715301393,
                0.43514400333754477,
                0.0015829040999700706,
                0.0015827951576693356,
                0.001582750392700536,
                0.0015827503901595262
            ],
            [
                0.0034426143153285273,
                0.003442040034137382,
                0.3355389423528677,
                0.302046991872042,
                0.0034421850921128178,
                0.003441978609225417,
                0.003441978594416509,
                0.32799190220952446,
                0.0034429838038490482,
                0.0034422136643636175,
                0.0034422122756130194,
                0.003441978594416509,
                0.003441978582102991
            ],
            [
                0.0012191597218287936,
                0.001219045674965408,
                0.41409396040526875,
                0.4075959913292768,
                0.16611876172067752,
                0.0012191988159150253,
                0.0012190725435355621,
                0.001219106377393228,
                0.0012192209874058867,
                0.0012191671731626775,
                0.0012191538650620861,
                0.0012190725435355695,
                0.0012190888419726627
            ],
            [
                0.2794336214317651,
                0.25113542243154446,
                0.0015572881270996771,
                0.001557294119970479,
                0.0015572345060041136,
                0.001557683430635829,
                0.0015574832534153325,
                0.3868260812617952,
                0.06858835149158206,
                0.0015574496703682197,
                0.0015573725198306182,
                0.0015574832534152874,
                0.0015572345025736014
            ],
            [
                0.19233910660920686,
                0.028945677748835805,
                0.0026316044582594873,
                0.002631615642803152,
                0.2854288440905432,
                0.0026315054668325853,
                0.002631759685003822,
                0.10789280541947076,
                0.002631505492646634,
                0.31171034899195027,
                0.05526190423798191,
                0.002631759685003809,
                0.002631562471461605
            ],
            [
                0.06107814679900697,
                0.0007674636605742129,
                0.19396329478111668,
                0.17848864995001623,
                0.0007675151611965215,
                0.0007674636621328501,
                0.18131013229614498,
                0.03913789091147807,
                0.048103634181131276,
                0.0007675560117388205,
                0.0007675179302781666,
                0.18131013229529228,
                0.11277060235989285
            ]
        ],
        "doc_topic_dists": [
            [
                0.012500000017977155,
                0.012503781849232558,
                0.18235961103160717,
                0.012502491895762082,
                0.012505861939178945,
                0.0125021355843123,
                0.01250283959719606,
                0.012500826190809836,
                0.01250034708453251,
                0.7176221048093915
            ],
            [
                0.012505456825526111,
                0.012501475481052772,
                0.0125002368951184,
                0.38749608497862087,
                0.012502392044066222,
                0.012500852426054188,
                0.012500000008408733,
                0.5124886343391301,
                0.012504339139395177,
                0.012500527862627456
            ],
            [
                0.01250399031711222,
                0.01250242917567618,
                0.012502457065240695,
                0.012501200896581374,
                0.26395145572335554,
                0.012501212073537174,
                0.6360280823045295,
                0.012502284431270756,
                0.012505518879053951,
                0.012501369133642672
            ],
            [
                0.5499602350528338,
                0.05000573780174593,
                0.05000000002626683,
                0.0500000000148421,
                0.050013058909700744,
                0.050000000042521454,
                0.05000000001487833,
                0.0500111995991303,
                0.050007422374151615,
                0.05000234616392886
            ],
            [
                0.016674348134102412,
                0.6833159814361122,
                0.016666666699994077,
                0.18332638667614914,
                0.016669773491019644,
                0.016666666720590834,
                0.016666666685553628,
                0.016669343088480927,
                0.016673116064270493,
                0.016671051003726692
            ],
            [
                0.016667230514596836,
                0.016668665212205464,
                0.01666951236007538,
                0.5097603915975444,
                0.016675993818814728,
                0.3568772894855715,
                0.01667078449416926,
                0.01667157606799184,
                0.016668756673142146,
                0.01666979977588841
            ],
            [
                0.010001370557467856,
                0.9099774059152781,
                0.010004630974979861,
                0.010000471489206348,
                0.010003041659431822,
                0.01000175995106211,
                0.010000781988203812,
                0.010006266914891817,
                0.010002738782531991,
                0.010001531766946315
            ],
            [
                0.010001370557467856,
                0.9099774059152781,
                0.010004630974979861,
                0.010000471489206348,
                0.010003041659431822,
                0.01000175995106211,
                0.010000781988203812,
                0.010006266914891817,
                0.010002738782531991,
                0.010001531766946315
            ],
            [
                0.020004791236745985,
                0.0200029948535311,
                0.23207740197460938,
                0.02000000001515123,
                0.02000270456306617,
                0.020001812666437493,
                0.020000000015197167,
                0.6079065570284016,
                0.020003045426144905,
                0.020000692220714877
            ],
            [
                0.02000156046306951,
                0.020000546580943634,
                0.02000227859814017,
                0.3150618438222332,
                0.020000094489332234,
                0.5249176890374795,
                0.02000565037805418,
                0.020003361022731998,
                0.02000413128606167,
                0.02000284432195384
            ],
            [
                0.01250513393002377,
                0.012500622715162817,
                0.012501596691322468,
                0.4109968430913529,
                0.4889805678242146,
                0.012504249838529276,
                0.012505654739333075,
                0.012501068704021201,
                0.012501436525704353,
                0.01250282594033549
            ],
            [
                0.010001370557467856,
                0.9099774059152781,
                0.010004630974979861,
                0.010000471489206348,
                0.010003041659431822,
                0.01000175995106211,
                0.010000781988203812,
                0.010006266914891817,
                0.010002738782531991,
                0.010001531766946315
            ],
            [
                0.020003354122575763,
                0.02000329131523988,
                0.02000153407828437,
                0.020002419308361403,
                0.02001714256378184,
                0.020001364815605376,
                0.020000000015996625,
                0.8199675742714644,
                0.020001626704595536,
                0.020001692804094987
            ],
            [
                0.02000730702670248,
                0.020002091824747915,
                0.02000052342277263,
                0.219990402985119,
                0.020002640862934257,
                0.020001883821508703,
                0.020000000015311846,
                0.6199855528037056,
                0.020008908518406296,
                0.020000688718791373
            ],
            [
                0.18047186537724688,
                0.33769976842569904,
                0.012500563930276789,
                0.01250022846645901,
                0.012503486900934245,
                0.012502030614619521,
                0.012500000015749808,
                0.3943177500139067,
                0.012501124833419171,
                0.012503181421688785
            ],
            [
                0.6207772154053898,
                0.014286646034879402,
                0.014286020162156467,
                0.014290243789706232,
                0.2649265415838923,
                0.014285714311238732,
                0.014285714294652474,
                0.014287051377902097,
                0.014288633633975742,
                0.01428621940620681
            ],
            [
                0.009093640828357966,
                0.009093442093405879,
                0.009092549998213276,
                0.009092610557975727,
                0.009095249459178506,
                0.00909573240625331,
                0.009093422606054665,
                0.009095689390550733,
                0.009092564140320678,
                0.9181550985196893
            ],
            [
                0.012502855227016833,
                0.3285995897707065,
                0.012500693710159874,
                0.012503020049742963,
                0.012501132330086229,
                0.012500000032964167,
                0.012500936211243019,
                0.012500975595069339,
                0.5713876772363735,
                0.012503119836637575
            ],
            [
                0.18047186537724688,
                0.33769976842569904,
                0.012500563930276789,
                0.01250022846645901,
                0.012503486900934245,
                0.012502030614619521,
                0.012500000015749808,
                0.3943177500139067,
                0.012501124833419171,
                0.012503181421688785
            ],
            [
                0.014285714293982392,
                0.014286095054529591,
                0.40041296933305187,
                0.014287887711286586,
                0.014285793886480788,
                0.014289350951252479,
                0.48529253793981564,
                0.014285714294903589,
                0.014286055383132273,
                0.01428788115156459
            ],
            [
                0.18047186537724688,
                0.33769976842569904,
                0.012500563930276789,
                0.01250022846645901,
                0.012503486900934245,
                0.012502030614619521,
                0.012500000015749808,
                0.3943177500139067,
                0.012501124833419171,
                0.012503181421688785
            ],
            [
                0.020006544784996468,
                0.8199780188928749,
                0.020000000028140993,
                0.02000000001590367,
                0.020003730272666997,
                0.0200000000455265,
                0.02000000001594401,
                0.020003213484092373,
                0.020002131584518863,
                0.020006360875335093
            ],
            [
                0.016666666678507545,
                0.01666745012907575,
                0.2464066408593666,
                0.016669149348191963,
                0.016666748571360527,
                0.6202460274946726,
                0.016672106330631042,
                0.016668370448476556,
                0.01666754937633535,
                0.016669290763382028
            ],
            [
                0.41998736272965287,
                0.02000184869276936,
                0.020001954230709603,
                0.0200033043205435,
                0.020004306596869532,
                0.020005554255323608,
                0.4199856198007136,
                0.020003605180592545,
                0.020002391263614836,
                0.02000405292921063
            ],
            [
                0.025017861820006232,
                0.025002827726366045,
                0.025000440835055277,
                0.2980077211348022,
                0.5019560177262605,
                0.025000000047826484,
                0.02500000001674164,
                0.025004823251679482,
                0.02500897238507276,
                0.025001335056189497
            ],
            [
                0.012502231586891854,
                0.8874874706763084,
                0.012500943208684535,
                0.012500000010227542,
                0.012501272777752231,
                0.012500000029280915,
                0.012501273024952835,
                0.01250109658454051,
                0.012502913536968509,
                0.012502798564392648
            ],
            [
                0.025005849585542007,
                0.025002614883661317,
                0.025000654206195433,
                0.025000000010688705,
                0.025003300854726025,
                0.025002354724647877,
                0.025000000010717057,
                0.7749815582747344,
                0.025002806630827715,
                0.025000860818259297
            ],
            [
                0.011111619424639159,
                0.011111111113522712,
                0.011112142668152,
                0.8999876038257619,
                0.011111175885475156,
                0.011114022800171791,
                0.011116186181921072,
                0.011111111117185966,
                0.011112179945854962,
                0.011112847037315228
            ],
            [
                0.012505467860897505,
                0.012504552542716279,
                0.012502611033460224,
                0.012502271209220981,
                0.012508792524374042,
                0.012506933867448436,
                0.012502510192011953,
                0.012509578323128283,
                0.012503310943596906,
                0.8874539715031454
            ],
            [
                0.025014275941998336,
                0.02500295599427295,
                0.02500028435561135,
                0.02500059562731881,
                0.7749719870330122,
                0.025000000025560378,
                0.02500000000894223,
                0.02500531933909968,
                0.025003257663735765,
                0.025001324010448394
            ],
            [
                0.01250513393002377,
                0.012500622715162817,
                0.012501596691322468,
                0.4109968430913529,
                0.4889805678242146,
                0.012504249838529276,
                0.012505654739333075,
                0.012501068704021201,
                0.012501436525704353,
                0.01250282594033549
            ],
            [
                0.014286157294025228,
                0.014286825319102118,
                0.0142873374383638,
                0.8714078126550414,
                0.014293159891235047,
                0.014288250032425402,
                0.014289088813956994,
                0.014286747035390035,
                0.014286645643937104,
                0.014287975876522833
            ],
            [
                0.011112197436254858,
                0.011114069653303527,
                0.011111652714652368,
                0.14955620696927824,
                0.011111145027440983,
                0.011112639449210314,
                0.011113143557748848,
                0.011111111124616546,
                0.011113396642106959,
                0.7615444374253875
            ],
            [
                0.34998845577969145,
                0.0166685810089864,
                0.01666853961132243,
                0.016668935847361944,
                0.0166702403159502,
                0.5166520217969574,
                0.01667172071317156,
                0.016672490955243213,
                0.016669238177233904,
                0.016669775794081743
            ],
            [
                0.011111111119390924,
                0.011112021064853123,
                0.19015382071946918,
                0.011112053538183725,
                0.011111145656752437,
                0.011112687297146848,
                0.7209501789821283,
                0.011111111120315015,
                0.011113819805631673,
                0.01111205069612867
            ],
            [
                0.020004791236745985,
                0.0200029948535311,
                0.23207740197460938,
                0.02000000001515123,
                0.02000270456306617,
                0.020001812666437493,
                0.020000000015197167,
                0.6079065570284016,
                0.020003045426144905,
                0.020000692220714877
            ],
            [
                0.033333333360640184,
                0.03333715236135722,
                0.40909563616520317,
                0.03333673108552693,
                0.32422530110752357,
                0.03333333340118891,
                0.03333333335707953,
                0.03333564818655896,
                0.03333452178447342,
                0.03333500919044816
            ],
            [
                0.03334870434488021,
                0.03333697793703423,
                0.03333394428227299,
                0.03333461318863261,
                0.6999677043877645,
                0.03333333336819582,
                0.03333333334552879,
                0.0333394859169718,
                0.033336831816511946,
                0.03333507141220728
            ],
            [
                0.0166752566120459,
                0.8499756843590065,
                0.01666666668995778,
                0.016666666679829016,
                0.01667154079547215,
                0.016666666704352077,
                0.016666666679862135,
                0.016670864930391275,
                0.016669450628897402,
                0.016670535920185796
            ],
            [
                0.03333333334591322,
                0.03333333333888115,
                0.03333659038832251,
                0.03333884055918107,
                0.033333535010853024,
                0.033342597033071665,
                0.6999762796657487,
                0.03333333334730558,
                0.033333333357073294,
                0.033338823953649746
            ],
            [
                0.6999843042699835,
                0.03333487348197155,
                0.03333333335485566,
                0.033333701693293576,
                0.03334149638373801,
                0.03333333336816179,
                0.03333333334553791,
                0.03333633550523964,
                0.03333532523429254,
                0.03333396336292602
            ],
            [
                0.03333333334591322,
                0.03333333333888115,
                0.03333659038832251,
                0.03333884055918107,
                0.033333535010853024,
                0.033342597033071665,
                0.6999762796657487,
                0.03333333334730558,
                0.033333333357073294,
                0.033338823953649746
            ],
            [
                0.03334870434488021,
                0.03333697793703423,
                0.03333394428227299,
                0.03333461318863261,
                0.6999677043877645,
                0.03333333336819582,
                0.03333333334552879,
                0.0333394859169718,
                0.033336831816511946,
                0.03333507141220728
            ],
            [
                0.03333333334591322,
                0.03333333333888115,
                0.03333659038832251,
                0.03333884055918107,
                0.033333535010853024,
                0.033342597033071665,
                0.6999762796657487,
                0.03333333334730558,
                0.033333333357073294,
                0.033338823953649746
            ],
            [
                0.6999843042699835,
                0.03333487348197155,
                0.03333333335485566,
                0.033333701693293576,
                0.03334149638373801,
                0.03333333336816179,
                0.03333333334553791,
                0.03333633550523964,
                0.03333532523429254,
                0.03333396336292602
            ],
            [
                0.011117246041510211,
                0.011115953962539601,
                0.2742227039448173,
                0.011112143302423293,
                0.011114642859812044,
                0.01111283755654951,
                0.01111566049663243,
                0.01111411994145557,
                0.01111712984478051,
                0.6368575620494795
            ],
            [
                0.020000000015326543,
                0.02000393324444049,
                0.020001958717545974,
                0.02000330631242533,
                0.020000122511489617,
                0.020005532923197667,
                0.020008047676388037,
                0.02000000001703723,
                0.020000000028937735,
                0.8199770985532114
            ],
            [
                0.18047186537724688,
                0.33769976842569904,
                0.012500563930276789,
                0.01250022846645901,
                0.012503486900934245,
                0.012502030614619521,
                0.012500000015749808,
                0.3943177500139067,
                0.012501124833419171,
                0.012503181421688785
            ],
            [
                0.011114561769658467,
                0.8999860374465936,
                0.011111839294799601,
                0.011111111120132218,
                0.011113078042155685,
                0.011111111136940289,
                0.011112093885658534,
                0.01111280557535157,
                0.011113923994508904,
                0.011113437734201098
            ],
            [
                0.02500000001326092,
                0.025001256588558788,
                0.02500362617672505,
                0.02500256387546168,
                0.025000093956915978,
                0.02500429281505364,
                0.7749807311540523,
                0.025000000014735138,
                0.025004879257855994,
                0.025002556147380575
            ],
            [
                0.010001370557467856,
                0.9099774059152781,
                0.010004630974979861,
                0.010000471489206348,
                0.010003041659431822,
                0.01000175995106211,
                0.010000781988203812,
                0.010006266914891817,
                0.010002738782531991,
                0.010001531766946315
            ],
            [
                0.6999553967593811,
                0.03333487330406829,
                0.033333333367634436,
                0.03335440900255642,
                0.033336817463894365,
                0.03333333338885242,
                0.03333333335277874,
                0.03333633513632633,
                0.03334820492814925,
                0.03333396329635859
            ],
            [
                0.01250513393002377,
                0.012500622715162817,
                0.012501596691322468,
                0.4109968430913529,
                0.4889805678242146,
                0.012504249838529276,
                0.012505654739333075,
                0.012501068704021201,
                0.012501436525704353,
                0.01250282594033549
            ],
            [
                0.012505209725595557,
                0.012501540163149694,
                0.012501827081105166,
                0.5285208395747454,
                0.012502687946896136,
                0.012503332129136638,
                0.01250531293184149,
                0.012502251381349291,
                0.3714545388465133,
                0.012502460219667359
            ],
            [
                0.01667093481424814,
                0.8499779295199036,
                0.016668469832844285,
                0.016666666682532628,
                0.016669100160061723,
                0.016666666712095025,
                0.016669100643800037,
                0.016668763155249216,
                0.016672240830868316,
                0.01667012764839695
            ],
            [
                0.014286803989253857,
                0.014289748327282154,
                0.18972467041518068,
                0.22906426695529664,
                0.014285783859361882,
                0.014288854721220701,
                0.01428989127250489,
                0.014285714306648548,
                0.014288462657494089,
                0.4811958034957567
            ],
            [
                0.012500000009977662,
                0.012501856658962496,
                0.012501338263440106,
                0.012502259115341354,
                0.01250008369713678,
                0.012503780852495873,
                0.01250506236953421,
                0.012500000011088449,
                0.012500000018837543,
                0.8874856190031856
            ],
            [
                0.699976927597927,
                0.03333641894445388,
                0.03333333334746141,
                0.033333333341316426,
                0.03334197301815038,
                0.03333333335620423,
                0.03333333334133591,
                0.033339427024738064,
                0.0333373248677427,
                0.033334595160670125
            ],
            [
                0.025005849585542007,
                0.025002614883661317,
                0.025000654206195433,
                0.025000000010688705,
                0.025003300854726025,
                0.025002354724647877,
                0.025000000010717057,
                0.7749815582747344,
                0.025002806630827715,
                0.025000860818259297
            ],
            [
                0.7749743103742707,
                0.02500143491129401,
                0.025000000019265476,
                0.025009758913310493,
                0.02500324690230112,
                0.025000000031183526,
                0.02500000001092011,
                0.02500279731464489,
                0.025007864579367954,
                0.025000586943441705
            ],
            [
                0.2749799553927051,
                0.02500286858855185,
                0.025002442795350393,
                0.025004130410432167,
                0.025006647827261617,
                0.025006944954446983,
                0.5249824091274075,
                0.025005595308133705,
                0.02500371073118366,
                0.025005294864527038
            ],
            [
                0.014289953808477581,
