{
    "topic_word_count": {
        "topic0": [
            {
                "word": "city",
                "count": 50
            },
            {
                "word": "york_city",
                "count": 35
            },
            {
                "word": "health",
                "count": 57
            },
            {
                "word": "cases",
                "count": 57
            },
            {
                "word": "sunday",
                "count": 34
            },
            {
                "word": "people",
                "count": 61
            },
            {
                "word": "confirmed",
                "count": 38
            },
            {
                "word": "china",
                "count": 185
            },
            {
                "word": "year",
                "count": 57
            },
            {
                "word": "said",
                "count": 67
            }
        ],
        "topic1": [
            {
                "word": "china",
                "count": 185
            },
            {
                "word": "monday",
                "count": 59
            },
            {
                "word": "markets",
                "count": 82
            },
            {
                "word": "points",
                "count": 52
            },
            {
                "word": "face",
                "count": 29
            },
            {
                "word": "virus",
                "count": 48
            },
            {
                "word": "chinese",
                "count": 57
            },
            {
                "word": "health",
                "count": 57
            },
            {
                "word": "global",
                "count": 32
            },
            {
                "word": "outbreak",
                "count": 53
            }
        ],
        "topic2": [
            {
                "word": "said",
                "count": 67
            },
            {
                "word": "china",
                "count": 185
            },
            {
                "word": "global",
                "count": 32
            },
            {
                "word": "year",
                "count": 57
            },
            {
                "word": "chinese",
                "count": 57
            },
            {
                "word": "sunday",
                "count": 34
            },
            {
                "word": "face",
                "count": 29
            },
            {
                "word": "people",
                "count": 61
            },
            {
                "word": "markets",
                "count": 82
            },
            {
                "word": "virus",
                "count": 48
            }
        ],
        "topic3": [
            {
                "word": "virus",
                "count": 48
            },
            {
                "word": "outbreak",
                "count": 53
            },
            {
                "word": "said",
                "count": 67
            },
            {
                "word": "city",
                "count": 50
            },
            {
                "word": "chinese",
                "count": 57
            },
            {
                "word": "cases",
                "count": 57
            },
            {
                "word": "monday",
                "count": 59
            },
            {
                "word": "china",
                "count": 185
            },
            {
                "word": "health",
                "count": 57
            },
            {
                "word": "global",
                "count": 32
            }
        ],
        "topic4": [
            {
                "word": "markets",
                "count": 82
            },
            {
                "word": "stocks",
                "count": 33
            },
            {
                "word": "chinese",
                "count": 57
            },
            {
                "word": "year",
                "count": 57
            },
            {
                "word": "monday",
                "count": 59
            },
            {
                "word": "fears",
                "count": 27
            },
            {
                "word": "face",
                "count": 29
            },
            {
                "word": "sunday",
                "count": 34
            },
            {
                "word": "outbreak",
                "count": 53
            },
            {
                "word": "china",
                "count": 185
            }
        ],
        "topic5": [
            {
                "word": "china",
                "count": 185
            },
            {
                "word": "outbreak",
                "count": 53
            },
            {
                "word": "people",
                "count": 61
            },
            {
                "word": "virus",
                "count": 48
            },
            {
                "word": "sunday",
                "count": 34
            },
            {
                "word": "chinese",
                "count": 57
            },
            {
                "word": "cases",
                "count": 57
            },
            {
                "word": "health",
                "count": 57
            },
            {
                "word": "said",
                "count": 67
            },
            {
                "word": "year",
                "count": 57
            }
        ],
        "topic6": [
            {
                "word": "monday",
                "count": 59
            },
            {
                "word": "city",
                "count": 50
            },
            {
                "word": "york_city",
                "count": 35
            },
            {
                "word": "cases",
                "count": 57
            },
            {
                "word": "outbreak",
                "count": 53
            },
            {
                "word": "china",
                "count": 185
            },
            {
                "word": "health",
                "count": 57
            },
            {
                "word": "face",
                "count": 29
            },
            {
                "word": "said",
                "count": 67
            },
            {
                "word": "sunday",
                "count": 34
            }
        ],
        "topic7": [
            {
                "word": "health",
                "count": 57
            },
            {
                "word": "cases",
                "count": 57
            },
            {
                "word": "confirmed",
                "count": 38
            },
            {
                "word": "said",
                "count": 67
            },
            {
                "word": "china",
                "count": 185
            },
            {
                "word": "virus",
                "count": 48
            },
            {
                "word": "people",
                "count": 61
            },
            {
                "word": "sunday",
                "count": 34
            },
            {
                "word": "outbreak",
                "count": 53
            },
            {
                "word": "year",
                "count": 57
            }
        ],
        "topic8": [
            {
                "word": "points",
                "count": 52
            },
            {
                "word": "global",
                "count": 32
            },
            {
                "word": "said",
                "count": 67
            },
            {
                "word": "outbreak",
                "count": 53
            },
            {
                "word": "fears",
                "count": 27
            },
            {
                "word": "year",
                "count": 57
            },
            {
                "word": "people",
                "count": 61
            },
            {
                "word": "china",
                "count": 185
            },
            {
                "word": "monday",
                "count": 59
            },
            {
                "word": "stocks",
                "count": 33
            }
        ],
        "topic9": [
            {
                "word": "people",
                "count": 61
            },
            {
                "word": "year",
                "count": 57
            },
            {
                "word": "china",
                "count": 185
            },
            {
                "word": "outbreak",
                "count": 53
            },
            {
                "word": "chinese",
                "count": 57
            },
            {
                "word": "virus",
                "count": 48
            },
            {
                "word": "city",
                "count": 50
            },
            {
                "word": "fears",
                "count": 27
            },
            {
                "word": "sunday",
                "count": 34
            },
            {
                "word": "global",
                "count": 32
            }
        ]
    },
    "data": {
        "vocab": [
            "cases",
            "china",
            "chinese",
            "city",
            "confirmed",
            "face",
            "fears",
            "global",
            "health",
            "markets",
            "monday",
            "outbreak",
            "people",
            "points",
            "said",
            "stocks",
            "sunday",
            "virus",
            "year",
            "york_city"
        ],
        "freq": [
            57,
            185,
            57,
            50,
            38,
            29,
            27,
            32,
            57,
            82,
            59,
            53,
            61,
            52,
            67,
            33,
            34,
            48,
            57,
            35
        ],
        "topic_term_dists": [
            [
                0.10652873150480527,
                0.05592751742506305,
                0.0006443896355699553,
                0.27447677534190495,
                0.06371492665675062,
                0.0006443458500850988,
                0.0006443458500818784,
                0.0006443724956828712,
                0.1091212106861438,
                0.0006443468422492141,
                0.0006444003288478675,
                0.0006443649574383691,
                0.08550203415448325,
                0.0006443509080128464,
                0.0006444423878620577,
                0.0006443458501559094,
                0.09743726829463732,
                0.0006444318835526954,
                0.0006444712883081199,
                0.19955892765836486
            ],
            [
                0.0006963357680763705,
                0.3686153983684808,
                0.0007008036207055686,
                0.0006963400071939395,
                0.0006963320594842577,
                0.07615646403388346,
                0.0006963320597225718,
                0.0006963723421019159,
                0.0006963734282138325,
                0.18174269259439188,
                0.21742453937436781,
                0.0006963705420631139,
                0.0006963466977831659,
                0.07729225260731645,
                0.0006963649821741107,
                0.0006963456338567541,
                0.0006963485657247434,
                0.06901531215855039,
                0.0006963430971918645,
                0.0006963320587169475
            ],
            [
                0.0008158989453548117,
                0.17644198819774706,
                0.10037616073558553,
                0.0008158431472381174,
                0.0008158659893858663,
                0.018462830028539007,
                0.0008158177959933566,
                0.14887633907931808,
                0.0008159003847966013,
                0.0008160178814800862,
                0.0008158382554955139,
                0.000815909641349648,
                0.0046801603869478505,
                0.0008158341049212788,
                0.33670129591324316,
                0.000815896356325156,
                0.08588266081257916,
                0.0008159684512410836,
                0.11878793151371142,
                0.0008158423787472061
            ],
            [
                0.0029050607487957824,
                0.0029048907858466597,
                0.06530609629160741,
                0.06675117600570443,
                0.002904225672588516,
                0.0029044094585111194,
                0.0029042724436613874,
                0.0029046694036813864,
                0.002904774236198036,
                0.002904296311812623,
                0.002905010488249228,
                0.22391575472836545,
                0.00290459869624544,
                0.0029042632678639973,
                0.08057861998566133,
                0.0029043523705634612,
                0.0029044486595873028,
                0.5198803257324216,
                0.0029045083713826257,
                0.002904246341252226
            ],
            [
                0.0005341726032471572,
                0.000534198590711473,
                0.148738767131038,
                0.0005341520337598711,
                0.000534174473728934,
                0.06997381630133385,
                0.08590647208019618,
                0.0005341910519080326,
                0.0005341680154697631,
                0.299659020829281,
                0.10640787977997762,
                0.0005342146384524388,
                0.0005341843800148042,
                0.0005341653708106826,
                0.0005341885258889305,
                0.17054991467337874,
                0.0005342487146085045,
                0.0005341969123550975,
                0.11181972186082603,
                0.0005341520330129768
            ],
            [
                0.019314964646484783,
                0.5549903704421363,
                0.043167493990803454,
                0.0006925864572974271,
                0.0006926164457385861,
                0.0006925588446996218,
                0.0006926144264758185,
                0.0006926373901079556,
                0.0006926715440149503,
                0.0006926085486933971,
                0.0006926279194229619,
                0.1490557078766237,
                0.09174538197185642,
                0.0006925814337213701,
                0.0006926667891093923,
                0.0006926058260205204,
                0.052609592400880936,
                0.08011248910285332,
                0.0006926511571018579,
                0.000692572785957327
            ],
            [
                0.11737101375507228,
                0.09821530763513302,
                0.0027782201819756096,
                0.11929668928456147,
                0.0027782201482579347,
                0.08612759858204325,
                0.002778220152053678,
                0.030559328436534857,
                0.09415309028273881,
                0.0027783325688304134,
                0.13173147670154953,
                0.11391185227779321,
                0.0027782968070648307,
                0.0027782201363454,
                0.03406013351122031,
                0.0027782201534356315,
                0.032072650351892995,
                0.002778324509934476,
                0.002778220172902781,
                0.11749658435065945
            ],
            [
                0.2871982613275979,
                0.04104559795075838,
                0.0008484181546542567,
                0.0008483968988424636,
                0.24018383214308842,
                0.0008483648319170825,
                0.000848356547368026,
                0.0008483742247831303,
                0.31368635792062444,
                0.0008483793297997837,
                0.0008484218009498873,
                0.0008484977802916628,
                0.0008486175956394158,
                0.0008483755540637085,
                0.09502199527979281,
                0.0008484235222060613,
                0.0008485364758240895,
                0.010985964791209397,
                0.0008484388928869745,
                0.0008483889777024255
            ],
            [
                0.0008654485101779294,
                0.03970330250408038,
                0.0008654522282468164,
                0.0008653929208850759,
                0.0008653914265517701,
                0.0008653877479921073,
                0.08740459302800038,
                0.1120784811211701,
                0.0008654314295522026,
                0.0008653975271270878,
                0.030402757178628337,
                0.0935458085891698,
                0.08141471297840425,
                0.3556749968328699,
                0.09542678488581854,
                0.010997921191681389,
                0.0008654017811766746,
                0.000865422978480446,
                0.0846965195161162,
                0.0008653956238707741
            ],
            [
                0.0013131184668877074,
                0.12419729480862217,
                0.11644680608929149,
                0.015885835351733116,
                0.001313183407332673,
                0.0013131009656266281,
                0.014669483957203126,
                0.0013134058408892132,
                0.0013131744862875604,
                0.0013131391345604624,
                0.0013132460834274933,
                0.12287334884583144,
                0.32829475303595096,
                0.0013131009620665315,
                0.0013132803225816734,
                0.0013131735484246964,
                0.0013135211544156775,
                0.10275008234794077,
                0.15912377870385316,
                0.0013131724870734693
            ]
        ],
        "doc_topic_dists": [
            [
                0.014286782525711144,
                0.014288285169330985,
                0.014286912871598497,
                0.014285714299213666,
                0.01428571428816485,
                0.8714183508430712,
                0.014286302066777617,
                0.014285967715921407,
                0.01428662040505718,
                0.014289349815153627
            ],
            [
                0.02500274182169045,
                0.025000000006464032,
                0.02500000000758277,
                0.025000000027300524,
                0.02500000000495541,
                0.02500016024285824,
                0.02500180085257989,
                0.7749952970162964,
                0.025000000008041798,
                0.025000000012230433
            ],
            [
                0.012500314520577116,
                0.012504050449359674,
                0.5124901583832692,
                0.012500416295771017,
                0.3874978965756795,
                0.012503297956720116,
                0.012500775660572613,
                0.012500782426286395,
                0.01250160325770089,
                0.012500704474063297
            ],
            [
                0.020008468680761515,
                0.020000422394508187,
                0.020003053979267806,
                0.8199739053449756,
                0.0200046284637278,
                0.020001753091465246,
                0.02000329367694476,
                0.020000045924931896,
                0.020000000017731345,
                0.0200044284256857
            ],
            [
                0.011112111324942957,
                0.01111328132865645,
                0.8999865245377245,
                0.011111286865026715,
                0.011115128307338079,
                0.011111633094273255,
                0.011113571322749604,
                0.011111348349863123,
                0.011112263683981216,
                0.011112851185444134
            ],
            [
                0.011114943679127826,
                0.011114180945412177,
                0.011112073327782282,
                0.011112237299758864,
                0.011111886681612733,
                0.011114677102521349,
                0.8999823298334612,
                0.011113649601828812,
                0.011111769616084583,
                0.011112251912410163
            ],
            [
                0.524003589842949,
                0.016666666674717785,
                0.016666666676109578,
                0.01666703444803682,
                0.01666666667283818,
                0.01666677609347357,
                0.01666964549862534,
                0.3426595520500942,
                0.016666666676682155,
                0.0166667353664735
            ],
            [
                0.010001674077565161,
                0.010001628101868042,
                0.010002019070570403,
                0.010000748710491046,
                0.010001181659646358,
                0.4837323047136178,
                0.010001651943094624,
                0.21949983252974994,
                0.010001585085194371,
                0.22675737410820238
            ],
            [
                0.02500316908172274,
                0.02500147986065015,
                0.02500000001283094,
                0.26601545797732606,
                0.02500000000838228,
                0.025001983680534655,
                0.0250028396194345,
                0.533972889720912,
                0.02500000001360233,
                0.025002180024604338
            ],
            [
                0.020000000014731536,
                0.02002168869631218,
                0.020000000018659106,
                0.020000000067271533,
                0.020006536217391627,
                0.020000000015840364,
                0.020007529334637546,
                0.02000000001941491,
                0.8199642455856132,
                0.02000000003012801
            ],
            [
                0.6622729013268609,
                0.01428952378573755,
                0.22342014931931056,
                0.014286901252033187,
                0.0142857142927687,
                0.014291476294370309,
                0.014289006927401076,
                0.01429016247741151,
                0.014287145061496026,
                0.01428701926261026
            ],
            [
                0.1,
                0.1,
                0.1,
                0.1,
                0.1,
                0.1,
                0.1,
                0.1,
                0.1,
                0.1
            ],
            [
                0.020000000014731536,
                0.02002168869631218,
                0.020000000018659106,
                0.020000000067271533,
                0.020006536217391627,
                0.020000000015840364,
                0.020007529334637546,
                0.02000000001941491,
                0.8199642455856132,
                0.02000000003012801
            ],
            [
                0.014286436332719834,
                0.014288895242169475,
                0.4579783641016816,
                0.014295468950822217,
                0.014286864714173996,
                0.014290909085804934,
                0.014286488519560808,
                0.014286469844317777,
                0.014287904536296721,
                0.42771219867245275
            ],
            [
                0.011112219940755777,
                0.011115687583862135,
                0.011116284821975532,
                0.01111246324429733,
                0.01111213473601498,
                0.011119119899424103,
                0.01111283092825799,
                0.011111995957278761,
                0.8999714326337017,
                0.011115830254431781
            ],
            [
                0.03333886707522366,
                0.03333333335920182,
                0.03333333336368131,
                0.36663393597365396,
                0.03333333335317078,
                0.033344636614902855,
                0.03334779317969774,
                0.3666533350500179,
                0.03333973204314645,
                0.03334169998730354
            ],
            [
                0.5499633061961334,
                0.05000000004988324,
                0.05002002997594751,
                0.05000000021051791,
                0.05000000003829511,
                0.050011883001513394,
                0.050004780310089106,
                0.050000000060936446,
                0.05000000006204172,
                0.05000000009464211
            ],
            [
                0.00833346825499692,
                0.9249918497279632,
                0.008333821751774684,
                0.008335157903869026,
                0.008334555201395952,
                0.008335069066427461,
                0.008334049442551538,
                0.008333453184621102,
                0.008334595620197779,
                0.008333979846202318
            ],
            [
                0.010002557670728735,
                0.010000000007885469,
                0.46844184566760605,
                0.01000022722179293,
                0.010000673822836925,
                0.010000893875571133,
                0.010000884644977164,
                0.45155116588384686,
                0.010000805246591781,
                0.010000945958163004
            ],
            [
                0.010000000004539288,
                0.010001715311520377,
                0.010000666869846584,
                0.010000123127854331,
                0.9099951397119522,
                0.010000094079595715,
                0.010000775307125426,
                0.010000000005982551,
                0.010000702604032173,
                0.010000782977551454
            ],
            [
                0.6998582050485445,
                0.02000677465811838,
                0.020003228779028676,
                0.0200003889247264,
                0.020000000009124722,
                0.1401153508921633,
                0.020003420277198453,
                0.020000682743862425,
                0.0200023334535336,
                0.02000961521369959
            ],
            [
                0.1,
                0.1,
                0.1,
                0.1,
                0.1,
                0.1,
                0.1,
                0.1,
                0.1,
                0.1
            ],
            [
                0.2850100990749933,
                0.025002986050964016,
                0.02500140959810003,
                0.0250112348411205,
                0.025000000012699204,
                0.5149568912030598,
                0.025008771715177534,
                0.025000301539282274,
                0.025003172957263644,
                0.0250051330073398
            ],
            [
                0.020000839516318793,
                0.020000000008700065,
                0.020002897037275355,
                0.020001553845968547,
                0.02000438995541426,
                0.020002089286218563,
                0.02000000003341222,
                0.02000000001011707,
                0.0200007876013394,
                0.8199874427052358
            ],
            [
                0.009091209020842107,
                0.009091145416004184,
                0.009092724906881821,
                0.009091784833663548,
                0.009091572110358282,
                0.009091690045927867,
                0.009091343500748547,
                0.009091189461523526,
                0.918174315671057,
                0.009093025032993153
            ],
            [
                0.012501080692938796,
                0.01250041544960679,
                0.012500834138423974,
                0.012500438866512347,
                0.7329200690859992,
                0.012501495894295256,
                0.012500000033623926,
                0.012500000010180791,
                0.012501761842541044,
                0.1670739039858778
            ],
            [
                0.7919742857794857,
                0.008334794896999306,
                0.008335788050965832,
                0.008333495131110659,
                0.008334775818278274,
                0.008335880834677657,
                0.008334787649880125,
                0.008335092684805008,
                0.008334708049228142,
                0.14134639110456934
            ],
            [
                0.007692307699268074,
                0.0076939026008753944,
                0.00769543005915748,
                0.14275293812394052,
                0.35254011595875173,
                0.007693258037024779,
                0.007693322042528606,
                0.007692687311456104,
                0.4508523182815572,
                0.007693719885440234
            ],
            [
                0.01111147300518913,
                0.011112818295041056,
                0.36085892627729477,
                0.011116874556389288,
                0.011112107794587071,
                0.011114825868910688,
                0.011112266674626576,
                0.011111613430484862,
                0.01111345786157511,
                0.5502356362359015
            ],
            [
                0.03333391690665141,
                0.033337381138847814,
                0.03333524320978394,
                0.033343753114863414,
                0.033333333341746124,
                0.6999670574462247,
                0.03333854007264281,
                0.033333741876673026,
                0.03333747583670992,
                0.03333955705585695
            ],
            [
                0.011126370418613812,
                0.011113804090980044,
                0.01111309316877517,
                0.011114438804041015,
                0.011111996026573643,
                0.011116127569021153,
                0.011116791338437473,
                0.011111382759770498,
                0.011112141626086064,
                0.8999638541977011
            ],
            [
                0.03333391690665141,
                0.033337381138847814,
                0.03333524320978394,
                0.033343753114863414,
                0.033333333341746124,
                0.6999670574462247,
                0.03333854007264281,
                0.033333741876673026,
                0.03333747583670992,
                0.03333955705585695
            ],
            [
                0.010001814226095454,
                0.010001638569266308,
                0.010003013274556743,
                0.17471272242609986,
                0.01000000000605174,
                0.35072839252265586,
                0.01000073679281481,
                0.40454539914847953,
                0.010001642785182563,
                0.010004640248797223
            ],
            [
                0.011112779696655174,
                0.011113176711541778,
                0.5100500700164119,
                0.2741536427092567,
                0.011112078848361365,
                0.011114354026111597,
                0.011112791618371412,
                0.13800585292811587,
                0.011112255267684789,
                0.011112998177489538
            ],
            [
                0.010002176758022768,
                0.010002238153958357,
                0.01000079163755288,
                0.0100000000500459,
                0.2045266148695839,
                0.26361135462767693,
                0.010001058832735658,
                0.32091152621023844,
                0.15094015350752923,
                0.010004085352655939
            ],
            [
                0.9249881927057044,
                0.008334953950990084,
                0.00833471321500852,
                0.00833342545854375,
                0.008333333337189532,
                0.008336466739901401,
                0.008334768004528566,
                0.00833564448812588,
                0.008333709855371907,
                0.008334792244636112
            ],
            [
                0.010002557670728735,
                0.010000000007885469,
                0.46844184566760605,
                0.01000022722179293,
                0.010000673822836925,
                0.010000893875571133,
                0.010000884644977164,
                0.45155116588384686,
                0.010000805246591781,
                0.010000945958163004
            ],
            [
                0.010000000004539288,
                0.010001715311520377,
                0.010000666869846584,
                0.010000123127854331,
                0.9099951397119522,
                0.010000094079595715,
                0.010000775307125426,
                0.010000000005982551,
                0.010000702604032173,
                0.010000782977551454
            ],
            [
                0.05000217391597043,
                0.050016481501901515,
                0.050007119402430404,
                0.05000000003605537,
                0.05000000000654246,
                0.5499628395461693,
                0.050003530076419264,
                0.050001521748203166,
                0.050001463233945664,
                0.050004870532362425
            ],
            [
                0.016667245918521235,
                0.016673492278829506,
                0.5166496115379128,
                0.016667433390004812,
                0.34999731669478684,
                0.0166727483869479,
                0.01666785479825048,
                0.016668107905672823,
                0.016668224830588017,
                0.016667964258485605
            ],
            [
                0.5223775258046675,
                0.01000222588596621,
                0.010001331833628602,
                0.010004657968380662,
                0.010000000006618284,
                0.0100040208677852,
                0.010001094152151406,
                0.010002684423601312,
                0.010000614529988017,
                0.39760584452721276
            ],
            [
                0.016666950443401718,
                0.5266639926848912,
                0.016667595353549124,
                0.016671274217499765,
                0.016670659965133474,
                0.33998342964667244,
                0.016670368144094855,
                0.016666865334032385,
                0.016669025093764868,
                0.016669839116960333
            ],
            [
                0.0076933509084890425,
                0.007694804805640409,
                0.007695538883950201,
                0.007693855372224644,
                0.35523955978466704,
                0.20316434203400502,
                0.0076943100171925774,
                0.1050291784832093,
                0.29040117439396657,
                0.0076938853166552724
            ],
            [
                0.02500406490571145,
                0.02500822719714511,
                0.025003879403386817,
                0.0250000000437018,
                0.02500000000792712,
                0.2280846028091084,
                0.02500450438120264,
                0.5718912699634131,
                0.025000797312207775,
                0.025002653976195624
            ],
            [
                0.010000371105180237,
                0.010004571754398518,
                0.7838857948687694,
                0.010000347917452,
                0.13610095437837166,
                0.010004037588371265,
                0.010000706821754213,
                0.010000480870773853,
                0.010001027643110928,
                0.010001707051818009
            ],
            [
                0.3755843557248182,
                0.005883329616688591,
                0.005882825331444109,
                0.005882411483102662,
                0.005882352944207171,
                0.0058845137858150815,
                0.005883181197327495,
                0.5773490045603993,
                0.005883005398555381,
                0.005885019957642071
            ],
            [
                0.00833346825499692,
                0.9249918497279632,
                0.008333821751774684,
                0.008335157903869026,
                0.008334555201395952,
                0.008335069066427461,
                0.008334049442551538,
                0.008333453184621102,
                0.008334595620197779,
                0.008333979846202318
            ],
            [
                0.41524585039467793,
                0.02500000001169672,
                0.0250000000137188,
                0.025001231210345764,
                0.02500000000896494,
                0.025000277100645923,
                0.025005606622994656,
                0.3847468047068971,
                0.025000000014551008,
                0.025000229915507127
            ],
            [
                0.014287096649437534,
                0.014287531761117677,
                0.6842807093610477,
                0.014286539255682663,
                0.014286908885927502,
                0.014289995675643378,
                0.014286393964488326,
                0.014286436892201264,
                0.01428822000273459,
                0.20142016755171932
            ],
            [
                0.01250446563931637,
                0.26808943469048385,
                0.012505096285657692,
                0.6318853012086736,
                0.01250107950682938,
                0.012504614581372194,
                0.01250447148699841,
                0.012501336048032103,
                0.012502282259762552,
                0.012501918292873872
            ],
            [
                0.1,
                0.1,
                0.1,
                0.1,
                0.1,
                0.1,
                0.1,
                0.1,
                0.1,
                0.1
            ],
            [
                0.014290559096507914,
                0.19084664096725318,
                0.01428951329728188,
                0.014285714352234821,
                0.014288048133775735,
                0.6948473308850169,
                0.014289455728791676,
                0.014285829033800955,
                0.014287264945231613,
                0.014289643560105368
            ],
            [
                0.00833346825499692,
                0.9249918497279632,
                0.008333821751774684,
                0.008335157903869026,
                0.008334555201395952,
                0.008335069066427461,
                0.008334049442551538,
                0.008333453184621102,
                0.008334595620197779,
                0.008333979846202318
            ],
            [
                0.014287096649437534,
                0.014287531761117677,
                0.6842807093610477,
                0.014286539255682663,
                0.014286908885927502,
                0.014289995675643378,
                0.014286393964488326,
                0.014286436892201264,
                0.01428822000273459,
                0.20142016755171932
            ],
            [
                0.01666881136098302,
                0.016668621086539073,
                0.29330491611529036,
                0.016669107938365867,
                0.016670329840205462,
                0.5733382738144803,
                0.016668684368140764,
                0.01666686404759442,
                0.0166705901682161,
                0.016673801260184758
            ],
            [
                0.011111345034488112,
                0.6235601642078457,
                0.28753673831192983,
