{
    "topic_word_count": {
        "topic0": [
            {
                "word": "city",
                "count": 38
            },
            {
                "word": "news",
                "count": 39
            },
            {
                "word": "people",
                "count": 31
            },
            {
                "word": "china",
                "count": 157
            },
            {
                "word": "outbreak",
                "count": 46
            },
            {
                "word": "health",
                "count": 45
            },
            {
                "word": "chinese",
                "count": 51
            },
            {
                "word": "virus",
                "count": 58
            },
            {
                "word": "wednesday",
                "count": 35
            },
            {
                "word": "world",
                "count": 33
            }
        ],
        "topic1": [
            {
                "word": "health",
                "count": 45
            },
            {
                "word": "china",
                "count": 157
            },
            {
                "word": "outbreak",
                "count": 46
            },
            {
                "word": "news",
                "count": 39
            },
            {
                "word": "world",
                "count": 33
            },
            {
                "word": "disease",
                "count": 26
            },
            {
                "word": "global",
                "count": 37
            },
            {
                "word": "coronavirus_outbreak",
                "count": 29
            },
            {
                "word": "said",
                "count": 85
            },
            {
                "word": "spread",
                "count": 33
            }
        ],
        "topic2": [
            {
                "word": "china",
                "count": 157
            },
            {
                "word": "chinese",
                "count": 51
            },
            {
                "word": "disease",
                "count": 26
            },
            {
                "word": "beijing",
                "count": 28
            },
            {
                "word": "world",
                "count": 33
            },
            {
                "word": "wednesday",
                "count": 35
            },
            {
                "word": "virus",
                "count": 58
            },
            {
                "word": "city",
                "count": 38
            },
            {
                "word": "coronavirus_outbreak",
                "count": 29
            },
            {
                "word": "outbreak",
                "count": 46
            }
        ],
        "topic3": [
            {
                "word": "china",
                "count": 157
            },
            {
                "word": "outbreak",
                "count": 46
            },
            {
                "word": "coronavirus_outbreak",
                "count": 29
            },
            {
                "word": "said",
                "count": 85
            },
            {
                "word": "beijing",
                "count": 28
            },
            {
                "word": "wednesday",
                "count": 35
            },
            {
                "word": "year",
                "count": 33
            },
            {
                "word": "world",
                "count": 33
            },
            {
                "word": "health",
                "count": 45
            },
            {
                "word": "chinese",
                "count": 51
            }
        ],
        "topic4": [
            {
                "word": "chinese",
                "count": 51
            },
            {
                "word": "china",
                "count": 157
            },
            {
                "word": "people",
                "count": 31
            },
            {
                "word": "year",
                "count": 33
            },
            {
                "word": "spread",
                "count": 33
            },
            {
                "word": "outbreak",
                "count": 46
            },
            {
                "word": "said",
                "count": 85
            },
            {
                "word": "beijing",
                "count": 28
            },
            {
                "word": "virus",
                "count": 58
            },
            {
                "word": "city",
                "count": 38
            }
        ],
        "topic5": [
            {
                "word": "china",
                "count": 157
            },
            {
                "word": "virus",
                "count": 58
            },
            {
                "word": "health",
                "count": 45
            },
            {
                "word": "city",
                "count": 38
            },
            {
                "word": "people",
                "count": 31
            },
            {
                "word": "spread",
                "count": 33
            },
            {
                "word": "global",
                "count": 37
            },
            {
                "word": "world",
                "count": 33
            },
            {
                "word": "said",
                "count": 85
            },
            {
                "word": "year",
                "count": 33
            }
        ],
        "topic6": [
            {
                "word": "said",
                "count": 85
            },
            {
                "word": "world",
                "count": 33
            },
            {
                "word": "global",
                "count": 37
            },
            {
                "word": "virus",
                "count": 58
            },
            {
                "word": "spread",
                "count": 33
            },
            {
                "word": "people",
                "count": 31
            },
            {
                "word": "outbreak",
                "count": 46
            },
            {
                "word": "news",
                "count": 39
            },
            {
                "word": "year",
                "count": 33
            },
            {
                "word": "china",
                "count": 157
            }
        ],
        "topic7": [
            {
                "word": "year",
                "count": 33
            },
            {
                "word": "news",
                "count": 39
            },
            {
                "word": "health",
                "count": 45
            },
            {
                "word": "city",
                "count": 38
            },
            {
                "word": "people",
                "count": 31
            },
            {
                "word": "virus",
                "count": 58
            },
            {
                "word": "spread",
                "count": 33
            },
            {
                "word": "said",
                "count": 85
            },
            {
                "word": "world",
                "count": 33
            },
            {
                "word": "chinese",
                "count": 51
            }
        ],
        "topic8": [
            {
                "word": "virus",
                "count": 58
            },
            {
                "word": "china",
                "count": 157
            },
            {
                "word": "outbreak",
                "count": 46
            },
            {
                "word": "spread",
                "count": 33
            },
            {
                "word": "global",
                "count": 37
            },
            {
                "word": "coronavirus_outbreak",
                "count": 29
            },
            {
                "word": "city",
                "count": 38
            },
            {
                "word": "disease",
                "count": 26
            },
            {
                "word": "beijing",
                "count": 28
            },
            {
                "word": "world",
                "count": 33
            }
        ],
        "topic9": [
            {
                "word": "wednesday",
                "count": 35
            },
            {
                "word": "said",
                "count": 85
            },
            {
                "word": "china",
                "count": 157
            },
            {
                "word": "outbreak",
                "count": 46
            },
            {
                "word": "coronavirus_outbreak",
                "count": 29
            },
            {
                "word": "people",
                "count": 31
            },
            {
                "word": "news",
                "count": 39
            },
            {
                "word": "city",
                "count": 38
            },
            {
                "word": "chinese",
                "count": 51
            },
            {
                "word": "spread",
                "count": 33
            }
        ]
    },
    "data": {
        "vocab": [
            "beijing",
            "china",
            "chinese",
            "city",
            "coronavirus_outbreak",
            "disease",
            "global",
            "health",
            "news",
            "outbreak",
            "people",
            "said",
            "spread",
            "virus",
            "wednesday",
            "world",
            "year"
        ],
        "freq": [
            28,
            157,
            51,
            38,
            29,
            26,
            37,
            45,
            39,
            46,
            31,
            85,
            33,
            58,
            35,
            33,
            33
        ],
        "topic_term_dists": [
            [
                0.0020525584435979226,
                0.002052908436542424,
                0.0020526732790129396,
                0.5313475964358069,
                0.002052590006544149,
                0.0020525668854856206,
                0.0020525584502788696,
                0.0020527683577002153,
                0.4378620907950256,
                0.002052835569445488,
                0.0020530773288172477,
                0.0020526071044779178,
                0.002052628589548679,
                0.002052670591354221,
                0.002052658129607317,
                0.002052632204750638,
                0.0020525793920036675
            ],
            [
                0.0011306007415035138,
                0.2082378737924785,
                0.001130679304581977,
                0.0011307474670185253,
                0.013776722172833617,
                0.068563298470573,
                0.06709353364458312,
                0.40724679484856385,
                0.07552609888218688,
                0.07594909890718932,
                0.0011308313119192139,
                0.0011308662455036958,
                0.0011308368272736529,
                0.0011307978839661071,
                0.001130615940840893,
                0.07342996870453783,
                0.0011306348544464046
            ],
            [
                0.18494432982007464,
                0.3846709101786873,
                0.22579452789100107,
                0.0012475488576234538,
                0.0012475480740040126,
                0.18837230390456228,
                0.0012474919893671662,
                0.0012475245737584798,
                0.0012474919876268398,
                0.0012475393127690368,
                0.0012474919949163725,
                0.0012474919921227822,
                0.0012474919898906843,
                0.0012475572188551023,
                0.0012475815954988436,
                0.0012476449683783448,
                0.0012475236508634414
            ],
            [
                0.1144041811876831,
                0.23775954285913295,
                0.0013660755115611433,
                0.001366054359122599,
                0.1379718123367819,
                0.0013660437468724733,
                0.0013660437501228108,
                0.001366107524532825,
                0.0013660437480342265,
                0.15059257255207023,
                0.001366043756777143,
                0.12431105953508902,
                0.0013660437507495532,
                0.0013660668492199218,
                0.1106502839034391,
                0.0013661590465981143,
                0.11064986558221299
            ],
            [
                0.014864656162640013,
                0.196562510260951,
                0.44734090599512627,
                0.001351660758569367,
                0.001351584403954437,
                0.0013514870835095783,
                0.0013514947257355359,
                0.0013516096772400064,
                0.0013516077544480838,
                0.024937769663395313,
                0.1270048861995126,
                0.023281372464074333,
                0.07152667511093727,
                0.0013516905712614201,
                0.0013514948503563914,
                0.001351498954516728,
                0.08231709536377173
            ],
            [
                0.0013273167182134488,
                0.609650879484783,
                0.0013274100835122438,
                0.04643300499825396,
                0.0013273626445486463,
                0.0013273728338420432,
                0.0013275774348012967,
                0.08222554751040238,
                0.0013273167190303629,
                0.0013273586661450404,
                0.030071775074192477,
                0.0013274904520312139,
                0.0013276225209157538,
                0.2156896510547901,
                0.0013273607202031155,
                0.0013275189363968897,
                0.001327434147938055
            ],
            [
                0.0005981778501323848,
                0.014629348111349484,
                0.0005981895748747573,
                0.0005981938012199035,
                0.0005981828608022809,
                0.004484605397243754,
                0.1377347112900984,
                0.0005982213733425525,
                0.036209432233802276,
                0.03972631922020833,
                0.049549004767568794,
                0.2888751624289634,
                0.1125640409259901,
                0.12484420505366328,
                0.0005981821211609645,
                0.15974411399288363,
                0.02804990899669581
            ],
            [
                0.003315695452295525,
                0.0033159196323415243,
                0.0033159851251793205,
                0.09664421406590584,
                0.003315695463176246,
                0.003315751924313098,
                0.0033157308559461935,
                0.10227930567156468,
                0.17685912696631984,
                0.0033159241361744893,
                0.05805194567504742,
                0.003316295470100888,
                0.003316436428296338,
                0.048256409126093185,
                0.0033157628314106013,
                0.003316111121069936,
                0.4814336900547649
            ],
            [
                0.0508389690363925,
                0.12792904914317402,
                0.001240088282980578,
                0.07563721028552287,
                0.09896754244585879,
                0.055624044314386764,
                0.10341343759613386,
                0.0012399988257745975,
                0.0012400311503564312,
                0.1179088845511077,
                0.001240095803820237,
                0.0012400349157845603,
                0.11394958116785818,
                0.24581086199655366,
                0.0012400224361965593,
                0.0012401650573094917,
                0.0012399829907892032
            ],
            [
                0.0009694294078941522,
                0.17355839113669325,
                0.0009695115527985985,
                0.0009695126753328771,
                0.09791223009874979,
                0.0009694634380649637,
                0.0009694294093714458,
                0.0009694532298622399,
                0.0009695667054517676,
                0.10530940058690474,
                0.09503040520686377,
                0.2548107820915718,
                0.000969473340902266,
                0.0009694460648288855,
                0.2627146112138133,
                0.000969429410525251,
                0.0009694644303708029
            ]
        ],
        "doc_topic_dists": [
            [
                0.03333333335739876,
                0.033335381393945235,
                0.03333716318320121,
                0.03333567095485454,
                0.033335254407714496,
                0.699975145170636,
                0.033336997036928606,
                0.03333430445041608,
                0.03334171264757053,
                0.03333503739733466
            ],
            [
                0.011111111136384718,
                0.011116863191963911,
                0.011112319136830575,
                0.42774843118104866,
                0.011111986008272947,
                0.483343697896721,
                0.011114285226358456,
                0.011112231986944795,
                0.011113944133492117,
                0.01111513010198299
            ],
            [
                0.27499597857993013,
                0.025000000023578578,
                0.025002413243193466,
                0.025000000028477538,
                0.5249893348845998,
                0.025001772653639984,
                0.02500176834964666,
                0.025003501915631506,
                0.025001509610784043,
                0.025003720710518408
            ],
            [
                0.011111111139400996,
                0.01111279593228076,
                0.011114259022782323,
                0.011114988412889416,
                0.17270791355491652,
                0.011114280136749567,
                0.19824635816182565,
                0.011111200526244912,
                0.5512518236777841,
                0.01111526943512572
            ],
            [
                0.010000000049526461,
                0.010000368350302526,
                0.010008073059333359,
                0.010007550545829616,
                0.9099644353348915,
                0.010001166444358573,
                0.01000732698890521,
                0.010002272034071464,
                0.010003125787122745,
                0.01000568140565859
            ],
            [
                0.025000000047071248,
                0.2749947992071813,
                0.025002415002780023,
                0.02500000003117195,
                0.524989618844531,
                0.025003074857574525,
                0.025001768709339744,
                0.025004610431823684,
                0.02500000002828919,
                0.025003712840237318
            ],
            [
                0.009093031366845849,
                0.00909211711880746,
                0.009094420570462789,
                0.009092884160564899,
                0.009091620265415955,
                0.00909296047062764,
                0.009091999961041491,
                0.009091317154889514,
                0.918167815196773,
                0.009091833734571364
            ],
            [
                0.012500000015333496,
                0.012501800545269066,
                0.01250253105417915,
                0.012503933490657017,
                0.012501449930917176,
                0.012504039564977759,
                0.012501569432574258,
                0.012500000024922919,
                0.012502003660238969,
                0.8874826722809301
            ],
            [
                0.009093031366845849,
                0.00909211711880746,
                0.009094420570462789,
                0.009092884160564899,
                0.009091620265415955,
                0.00909296047062764,
                0.009091999961041491,
                0.009091317154889514,
                0.918167815196773,
                0.009091833734571364
            ],
            [
                0.03333333335739876,
                0.033335381393945235,
                0.03333716318320121,
                0.03333567095485454,
                0.033335254407714496,
                0.699975145170636,
                0.033336997036928606,
                0.03333430445041608,
                0.03334171264757053,
                0.03333503739733466
            ],
            [
                0.007144402303952159,
                0.3972425582884593,
                0.007145474701854829,
                0.0071446073539211865,
                0.007143878596413681,
                0.007145767472667344,
                0.5455999964424479,
                0.0071436129259517525,
                0.00714507064941442,
                0.007144631264917422
            ],
            [
                0.014285714316881363,
                0.014286718871359225,
                0.014285714304584744,
                0.014289492904750728,
                0.014288097450041446,
                0.014285714305816292,
                0.8714049165738477,
                0.014300326289259755,
                0.014286262866865136,
                0.014287042116593745
            ],
            [
                0.011111111131600829,
                0.011113136902170324,
                0.011113027778714875,
                0.011112280729048334,
                0.011112739132183441,
                0.5289832035692905,
                0.3821168850195304,
                0.011111198967848058,
                0.011114453118317921,
                0.01111196365129515
            ],
            [
                0.02500000004159286,
                0.02500205417782648,
                0.025000000025170988,
                0.02500773104434958,
                0.025000472320049434,
                0.02500248196673811,
                0.025002373754826446,
                0.025000394867431067,
                0.7749790844205564,
                0.025005407381458587
            ],
            [
                0.007144402303952159,
                0.3972425582884593,
                0.007145474701854829,
                0.0071446073539211865,
                0.007143878596413681,
                0.007145767472667344,
                0.5455999964424479,
                0.0071436129259517525,
                0.00714507064941442,
                0.007144631264917422
            ],
            [
                0.0062541399388832564,
                0.5066085162592394,
                0.006252093922763278,
                0.0062510309916867434,
                0.08431538678785945,
                0.0062515472507377965,
                0.006252077482473254,
                0.006251129206928348,
                0.36531334324205317,
                0.006250734917375407
            ],
            [
                0.01000000001799084,
                0.010001615689138415,
                0.01000146948023706,
                0.01000089682097172,
                0.010001289902453428,
                0.5510550357754007,
                0.36893584016193115,
                0.010000137604926239,
                0.01000306082144205,
                0.010000653725508542
            ],
            [
                0.008336368990581712,
                0.008334489309974357,
                0.008333333344591904,
                0.0083345411343752,
                0.00833423859407525,
                0.008334258146800973,
                0.9249873468037011,
                0.00833482288716527,
                0.008335557559195237,
                0.008335043229539148
            ],
            [
                0.025000000028092332,
                0.025003213418486298,
                0.025006012556965804,
                0.025007210469473122,
                0.02500352384457707,
                0.4357948071962102,
                0.02500876158815505,
                0.025000000045701503,
                0.025001931524516786,
                0.3641745393278219
            ],
            [
                0.02000000005130478,
                0.3222084295684154,
                0.02000000003103725,
                0.0200066039257091,
                0.02000086776169727,
                0.020005854713359847,
                0.5177602338315432,
                0.020001900145236992,
                0.020009839660838545,
                0.020006270310857666
            ],
            [
                0.014285714316881363,
                0.014286718871359225,
                0.014285714304584744,
                0.014289492904750728,
                0.014288097450041446,
                0.014285714305816292,
                0.8714049165738477,
                0.014300326289259755,
                0.014286262866865136,
                0.014287042116593745
            ],
            [
                0.02000000005668361,
                0.020000000031108123,
                0.02000000003430873,
                0.020005521275708506,
                0.020004359630603052,
                0.02000000003656295,
                0.36151082368557985,
                0.1970443067612063,
                0.020004405809908088,
                0.30143058267833084
            ],
            [
                0.05000000008930125,
                0.05001242687186361,
                0.050000000054103336,
                0.050000000059257185,
                0.050000000058579255,
                0.05000000005760574,
                0.5499875725682569,
                0.050000000145310766,
                0.05000000005378885,
                0.05000000004193306
            ],
            [
                0.03333333335739876,
                0.033335381393945235,
                0.03333716318320121,
                0.03333567095485454,
                0.033335254407714496,
                0.699975145170636,
                0.033336997036928606,
                0.03333430445041608,
                0.03334171264757053,
                0.03333503739733466
            ],
            [
                0.011111111149897216,
                0.011114477013091808,
                0.4734973077595949,
                0.31747149297448474,
                0.01111547685069085,
                0.011113122440208973,
                0.13123868066885513,
                0.01111111117418414,
                0.011113662215742351,
                0.011113557753249865
            ],
            [
                0.025000000022081907,
                0.025002504028043784,
                0.7749809360924839,
                0.025001735742361496,
                0.025007215447062883,
                0.025004536171322905,
                0.025000119363550007,
                0.025000000035897384,
                0.02500168778246997,
                0.025001265314725785
            ],
            [
                0.020000000027076702,
                0.02000378493888066,
                0.02000512881734796,
                0.02000312870928,
                0.0200025707922332,
                0.020012029246981915,
                0.0200041090692961,
                0.020000457691935227,
                0.8199665105048847,
                0.020002280202083677
            ],
            [
                0.016666666679266955,
                0.016668394771758927,
                0.8499829142788815,
                0.016669939604020793,
                0.016668394288371517,
                0.016673907442729032,
                0.01666676662004012,
                0.016666666687142367,
                0.016668245217821658,
                0.01666810440996722
            ],
            [
                0.008335175407800093,
                0.5850717120385349,
                0.00833470946204113,
                0.008334450535942601,
                0.008334063408398783,
                0.008335673142614575,
                0.34825117475356687,
                0.008334193546572569,
                0.008334313552482278,
                0.008334534152046364
            ],
            [
                0.02500000002049119,
                0.025000000011240437,
                0.025000000012404638,
                0.02500382356992617,
                0.025000192999761365,
                0.025000000013206226,
                0.02500324857722732,
                0.02500000003332478,
                0.025000000012327984,
                0.7749927347500899
            ],
            [
                0.016666666680446928,
                0.016668189651726752,
                0.8499873063904647,
                0.016668629314229036,
                0.016670144261351157,
                0.01667010670701817,
                0.016666745127924647,
                0.01666666668906596,
                0.016667920903607122,
                0.01666762427416549
            ],
            [
                0.010000000019666555,
                0.010004081654065177,
                0.3276973628277258,
                0.010001524727141796,
                0.01000332583190417,
                0.4699352037733691,
                0.010000630821582727,
                0.13235583492711064,
                0.010001477909478765,
                0.010000557507955116
            ],
            [
                0.025000000042838845,
                0.02500225769032111,
                0.025000000025925218,
                0.02500988343351359,
                0.025000526100531172,
                0.025000000027591486,
                0.02500103811690411,
                0.025000000069617268,
                0.02500601529249968,
                0.7749802792002576
            ],
            [
                0.011111111127139887,
                0.011112113707917377,
                0.011113257787815382,
                0.8999855630119546,
                0.011112296559053027,
                0.011113382510946448,
                0.011112423782826661,
                0.011113076838661924,
                0.011112394899096411,
                0.011114379774588295
            ],
            [
                0.016666666680446928,
                0.016668189651726752,
                0.8499873063904647,
                0.016668629314229036,
                0.016670144261351157,
                0.01667010670701817,
                0.016666745127924647,
                0.01666666668906596,
                0.016667920903607122,
                0.01666762427416549
            ],
            [
                0.008333333348785185,
                0.008334389804711824,
                0.008335323859813044,
                0.008336072449988668,
                0.260688065427897,
                0.008335075345289038,
                0.008334070459221047,
                0.008333439596663458,
                0.008335012736162559,
                0.6726352169714681
            ],
            [
                0.02500000002049119,
                0.025000000011240437,
                0.025000000012404638,
                0.02500382356992617,
                0.025000192999761365,
                0.025000000013206226,
                0.02500324857722732,
                0.02500000003332478,
                0.025000000012327984,
                0.7749927347500899
            ],
            [
                0.012500000032985025,
                0.012502734059764197,
                0.012501683029296414,
                0.012505060072579247,
                0.8874762210248998,
                0.012502011216669794,
                0.012502529406382083,
                0.012500401383172585,
                0.012504697193495814,
                0.012504662580755145
            ],
            [
                0.025000000022385935,
                0.02500000001227039,
                0.025002845171715686,
                0.025000000014820882,
                0.77499235648366,
                0.025000560422150434,
                0.02500109628230474,
                0.02500101363594235,
                0.025000000013455672,
                0.025002127941293546
            ],
            [
                0.09858407191376715,
                0.011111949354300764,
                0.46929115285962325,
                0.011113502300865186,
                0.011115176962689157,
                0.23206699660803604,
                0.011112338905971735,
                0.011112322518855924,
                0.011114778434593702,
                0.13337771014129715
            ],
            [
                0.13749617667852201,
                0.01250225019853439,
                0.012501489748046437,
                0.012503455274016641,
                0.012501802192938697,
                0.012502551730045967,
                0.01250182672038937,
                0.012502465086008382,
                0.012501880905028805,
                0.7624861014664693
            ],
            [
                0.011111111127139887,
                0.011112113707917377,
                0.011113257787815382,
                0.8999855630119546,
                0.011112296559053027,
                0.011113382510946448,
                0.011112423782826661,
                0.011113076838661924,
                0.011112394899096411,
                0.011114379774588295
            ],
            [
                0.12222005792564326,
                0.011111712120490204,
                0.011112234909115455,
                0.01111267713111903,
                0.011113094789377217,
                0.011113555396802342,
                0.011112834629529191,
                0.011112374436267215,
                0.011112143633100612,
                0.7888793150285555
            ],
            [
                0.13749617667852201,
                0.01250225019853439,
                0.012501489748046437,
                0.012503455274016641,
                0.012501802192938697,
                0.012502551730045967,
                0.01250182672038937,
                0.012502465086008382,
                0.012501880905028805,
                0.7624861014664693
            ],
            [
                0.011111111131600829,
                0.011113136902170324,
                0.011113027778714875,
                0.011112280729048334,
                0.011112739132183441,
                0.5289832035692905,
                0.3821168850195304,
                0.011111198967848058,
                0.011114453118317921,
                0.01111196365129515
            ],
            [
                0.050000000034675154,
                0.5499907722665374,
                0.05000000002097334,
                0.05000000002298495,
                0.050000000022749576,
                0.05000428861111112,
                0.05000000001002899,
                0.050004938973820315,
                0.05000000002084349,
                0.05000000001627546
            ],
            [
                0.009093031366845849,
                0.00909211711880746,
                0.009094420570462789,
                0.009092884160564899,
                0.009091620265415955,
                0.00909296047062764,
                0.009091999961041491,
                0.009091317154889514,
                0.918167815196773,
                0.009091833734571364
            ],
            [
                0.014285714316881363,
                0.014286718871359225,
                0.014285714304584744,
                0.014289492904750728,
                0.014288097450041446,
                0.014285714305816292,
                0.8714049165738477,
                0.014300326289259755,
                0.014286262866865136,
                0.014287042116593745
            ],
            [
                0.05000000008930125,
                0.05001242687186361,
                0.050000000054103336,
                0.050000000059257185,
                0.050000000058579255,
                0.05000000005760574,
                0.5499875725682569,
                0.050000000145310766,
                0.05000000005378885,
                0.05000000004193306
            ],
            [
                0.2999985343457674,
                0.5856949986446858,
                0.014287915985054177,
                0.014289473895287725,
                0.014287129741706518,
                0.014291141601548808,
                0.014286395750272731,
                0.014287040034482305,
                0.014288993471855686,
                0.014288376529339019
            ],
            [
                0.012507823743281798,
                0.012503557828869005,
                0.01250105930359415,
                0.012500646653918894,
                0.012503391352582107,
                0.8874745781755675,
                0.012501460900451056,
                0.012502905892189938,
                0.012501965528534944,
                0.01250261062101059
            ],
            [
                0.01667329821216819,
                0.8499811646695673,
                0.016666666686724993,
                0.01666666668864221,
                0.01666666668840954,
                0.016667072498140242,
                0.016673793747117943,
                0.016669634562404383,
                0.016668369564592292,
                0.01666666668223298
            ],
            [
                0.40437917694522174,
                0.020002095646266507,
                0.020000000024756402,
                0.020000000027116327,
                0.020000000026842067,
                0.020006336197557498,
                0.4356018510491743,
                0.020002896481020112,
                0.020007643582840125,
                0.020000000019204756
            ],
            [
                0.007144402303952159,
                0.3972425582884593,
                0.007145474701854829,
                0.0071446073539211865,
                0.007143878596413681,
                0.007145767472667344,
                0.5455999964424479,
                0.0071436129259517525,
                0.00714507064941442,
                0.007144631264917422
            ],
            [
                0.033333333349232226,
                0.03333333334205212,
                0.03333333334295873,
                0.033336062656946,
                0.03333530187049435,
                0.0333333333435853,
                0.033333983326655284,
                0.6999946520843743,
                0.03333333334289797,
                0.033333333340803635
            ],
            [
                0.016666666680446928,
                0.016668189651726752,
                0.8499873063904647,
                0.016668629314229036,
                0.016670144261351157,
                0.01667010670701817,
                0.016666745127924647,
                0.01666666668906596,
                0.016667920903607122,
                0.01666762427416549
            ],
            [
                0.007692307703061767,
                0.007695489918050257,
                0.007694283799847473,
                0.0076935695937194876,
                0.5271757844339023,
                0.41127543067951755,
                0.007692465428850229,
                0.007695089739845452,
                0.007692711778368077,
                0.00769286692483751
            ],
            [
