{
    "topic_word_count": {
        "topic0": [
            {
                "word": "monday",
                "count": 59
            },
            {
                "word": "year",
                "count": 57
            },
            {
                "word": "china",
                "count": 185
            },
            {
                "word": "said",
                "count": 67
            },
            {
                "word": "people",
                "count": 61
            },
            {
                "word": "virus",
                "count": 48
            },
            {
                "word": "outbreak",
                "count": 53
            },
            {
                "word": "health",
                "count": 57
            },
            {
                "word": "cases",
                "count": 57
            },
            {
                "word": "chinese",
                "count": 57
            }
        ],
        "topic1": [
            {
                "word": "said",
                "count": 67
            },
            {
                "word": "china",
                "count": 185
            },
            {
                "word": "global",
                "count": 32
            },
            {
                "word": "chinese",
                "count": 57
            },
            {
                "word": "virus",
                "count": 48
            },
            {
                "word": "markets",
                "count": 82
            },
            {
                "word": "stocks",
                "count": 33
            },
            {
                "word": "year",
                "count": 57
            },
            {
                "word": "people",
                "count": 61
            },
            {
                "word": "outbreak",
                "count": 53
            }
        ],
        "topic2": [
            {
                "word": "china",
                "count": 185
            },
            {
                "word": "people",
                "count": 61
            },
            {
                "word": "virus",
                "count": 48
            },
            {
                "word": "sunday",
                "count": 34
            },
            {
                "word": "cases",
                "count": 57
            },
            {
                "word": "monday",
                "count": 59
            },
            {
                "word": "chinese",
                "count": 57
            },
            {
                "word": "fears",
                "count": 27
            },
            {
                "word": "said",
                "count": 67
            },
            {
                "word": "confirmed",
                "count": 38
            }
        ],
        "topic3": [
            {
                "word": "monday",
                "count": 59
            },
            {
                "word": "face",
                "count": 29
            },
            {
                "word": "city",
                "count": 50
            },
            {
                "word": "york_city",
                "count": 35
            },
            {
                "word": "cases",
                "count": 57
            },
            {
                "word": "outbreak",
                "count": 53
            },
            {
                "word": "china",
                "count": 185
            },
            {
                "word": "global",
                "count": 32
            },
            {
                "word": "sunday",
                "count": 34
            },
            {
                "word": "health",
                "count": 57
            }
        ],
        "topic4": [
            {
                "word": "city",
                "count": 50
            },
            {
                "word": "york_city",
                "count": 35
            },
            {
                "word": "health",
                "count": 57
            },
            {
                "word": "people",
                "count": 61
            },
            {
                "word": "china",
                "count": 185
            },
            {
                "word": "said",
                "count": 67
            },
            {
                "word": "sunday",
                "count": 34
            },
            {
                "word": "cases",
                "count": 57
            },
            {
                "word": "confirmed",
                "count": 38
            },
            {
                "word": "year",
                "count": 57
            }
        ],
        "topic5": [
            {
                "word": "markets",
                "count": 82
            },
            {
                "word": "stocks",
                "count": 33
            },
            {
                "word": "chinese",
                "count": 57
            },
            {
                "word": "monday",
                "count": 59
            },
            {
                "word": "year",
                "count": 57
            },
            {
                "word": "fears",
                "count": 27
            },
            {
                "word": "face",
                "count": 29
            },
            {
                "word": "people",
                "count": 61
            },
            {
                "word": "virus",
                "count": 48
            },
            {
                "word": "outbreak",
                "count": 53
            }
        ],
        "topic6": [
            {
                "word": "points",
                "count": 52
            },
            {
                "word": "china",
                "count": 185
            },
            {
                "word": "monday",
                "count": 59
            },
            {
                "word": "markets",
                "count": 82
            },
            {
                "word": "outbreak",
                "count": 53
            },
            {
                "word": "face",
                "count": 29
            },
            {
                "word": "said",
                "count": 67
            },
            {
                "word": "virus",
                "count": 48
            },
            {
                "word": "year",
                "count": 57
            },
            {
                "word": "global",
                "count": 32
            }
        ],
        "topic7": [
            {
                "word": "china",
                "count": 185
            },
            {
                "word": "outbreak",
                "count": 53
            },
            {
                "word": "people",
                "count": 61
            },
            {
                "word": "chinese",
                "count": 57
            },
            {
                "word": "year",
                "count": 57
            },
            {
                "word": "health",
                "count": 57
            },
            {
                "word": "said",
                "count": 67
            },
            {
                "word": "virus",
                "count": 48
            },
            {
                "word": "markets",
                "count": 82
            },
            {
                "word": "global",
                "count": 32
            }
        ],
        "topic8": [
            {
                "word": "year",
                "count": 57
            },
            {
                "word": "sunday",
                "count": 34
            },
            {
                "word": "said",
                "count": 67
            },
            {
                "word": "face",
                "count": 29
            },
            {
                "word": "monday",
                "count": 59
            },
            {
                "word": "people",
                "count": 61
            },
            {
                "word": "confirmed",
                "count": 38
            },
            {
                "word": "china",
                "count": 185
            },
            {
                "word": "health",
                "count": 57
            },
            {
                "word": "cases",
                "count": 57
            }
        ],
        "topic9": [
            {
                "word": "cases",
                "count": 57
            },
            {
                "word": "health",
                "count": 57
            },
            {
                "word": "confirmed",
                "count": 38
            },
            {
                "word": "said",
                "count": 67
            },
            {
                "word": "china",
                "count": 185
            },
            {
                "word": "people",
                "count": 61
            },
            {
                "word": "virus",
                "count": 48
            },
            {
                "word": "city",
                "count": 50
            },
            {
                "word": "york_city",
                "count": 35
            },
            {
                "word": "sunday",
                "count": 34
            }
        ]
    },
    "data": {
        "vocab": [
            "cases",
            "china",
            "chinese",
            "city",
            "confirmed",
            "face",
            "fears",
            "global",
            "health",
            "markets",
            "monday",
            "outbreak",
            "people",
            "points",
            "said",
            "stocks",
            "sunday",
            "virus",
            "year",
            "york_city"
        ],
        "freq": [
            57,
            185,
            57,
            50,
            38,
            29,
            27,
            32,
            57,
            82,
            59,
            53,
            61,
            52,
            67,
            33,
            34,
            48,
            57,
            35
        ],
        "topic_term_dists": [
            [
                0.024993558905144774,
                0.024993563364865013,
                0.02499355858967441,
                0.024993556913957164,
                0.024993556546029534,
                0.02499355730535806,
                0.02499355785991623,
                0.02499355777841739,
                0.02499355904026204,
                0.02499355766389985,
                0.2750611534923325,
                0.024993559200284156,
                0.024993562406752594,
                0.024993556301216097,
                0.024993562615861664,
                0.024993557451670787,
                0.02499355771818846,
                0.02499356037147054,
                0.27505479038356845,
                0.024993556091130107
            ],
            [
                0.0006819254784430037,
                0.18939575853701357,
                0.13499054584417483,
                0.0006818940208157486,
                0.0006818883276459919,
                0.0006819331913187599,
                0.000681887175652449,
                0.15093995868428922,
                0.0006819574980659281,
                0.12432685369126309,
                0.0006818916346368977,
                0.0006819740356523264,
                0.0006820492592680943,
                0.000681893157521244,
                0.22768852814315216,
                0.037813039836646495,
                0.0006818636752368181,
                0.12598020176429306,
                0.0006820813077852559,
                0.0006818747371249666
            ],
            [
                0.043714892363722134,
                0.43531676278603754,
                0.0009152605742833261,
                0.000889112608813549,
                0.0008891636769454522,
                0.0008890378029818307,
                0.0008892782728662211,
                0.0008891432240601194,
                0.0008890986821753292,
                0.0008890468162304054,
                0.0418375955969403,
                0.0008891126399359508,
                0.20656595651342488,
                0.0008890535408269923,
                0.000889239246337738,
                0.0008890921505864253,
                0.08897249337513932,
                0.1711184336800317,
                0.0008890982647681308,
                0.0008891281838926343
            ],
            [
                0.10209164117214886,
                0.08901798671478516,
                0.0036257780667931557,
                0.14865505360894377,
                0.0036257348361250657,
                0.1486596926218785,
                0.003625734860775105,
                0.04074456782616275,
                0.003626683403309078,
                0.003625734857138069,
                0.18492399769698753,
                0.09374183469204579,
                0.003625734946380674,
                0.00362573483146198,
                0.003626092754060851,
                0.00362573485312827,
                0.03988088729186553,
                0.0036262069860756216,
                0.0036257348995113133,
                0.11239943308042277
            ],
            [
                0.0008334584632404681,
                0.0599682823957295,
                0.0008333114824315778,
                0.3840935539284712,
                0.0008333897733798734,
                0.0008332677860055829,
                0.0008332677865476233,
                0.0008332955183577586,
                0.11054811248603226,
                0.000833267786355018,
                0.0008333634554326582,
                0.0008332944269289522,
                0.0791318548407562,
                0.0008332764184902586,
                0.04493391902866006,
                0.0008332677861488918,
                0.04302057098079386,
                0.0008333314301482806,
                0.0008333829030878717,
                0.2674705313230022
            ],
            [
                0.0005988037345990353,
                0.0005988192437507934,
                0.14824922149662853,
                0.0005987875076198575,
                0.0005988004677927098,
                0.07844081110779792,
                0.11226050385647661,
                0.0005987960700016885,
                0.0005988109155348728,
                0.25523320812731337,
                0.11928112869692316,
                0.0005988222809809642,
                0.0006042865092587701,
                0.0005988028047771034,
                0.0005988058478394076,
                0.16559063954919917,
                0.0005988216205999975,
                0.0005988517158742818,
                0.11315449259177712,
                0.0005987858552546536
            ],
            [
                0.0004426680079142271,
                0.21198738089649724,
                0.0004426798412353112,
                0.00044266592638557455,
                0.0004426652424240472,
                0.04470861891670938,
                0.03741371556954551,
                0.04001565367972094,
                0.0004426916111986036,
                0.09491337939842223,
                0.1269236455078165,
                0.04797854199796696,
                0.03743637526048302,
                0.2306280269225924,
                0.04244329429600388,
                0.00044269477068537255,
                0.00044266431814561944,
                0.04189216385831527,
                0.04011780734094218,
                0.00044266663699572964
            ],
            [
                0.0008315366674120427,
                0.3531132490705274,
                0.10594306080130833,
                0.0008315609659761587,
                0.0008315209261551247,
                0.0008314903556570938,
                0.000831506200624546,
                0.0008315677580568139,
                0.0008316501641841337,
                0.000831568407067567,
                0.0008315655470329381,
                0.33156434177230876,
                0.1255387672202873,
                0.0008315328840469535,
                0.0008316220159695003,
                0.0008315568059406966,
                0.000831556680267947,
                0.000831618206770085,
                0.07136722949126036,
                0.0008314980591464615
            ],
            [
                0.0019774405461522628,
                0.001977556716128743,
                0.001977416861652732,
                0.001977376575859041,
                0.001977590799740379,
                0.04152331845971365,
                0.0019774396933867565,
                0.0019773251300242854,
                0.001977510121852821,
                0.0019773884941499797,
                0.0019776125120332267,
                0.0019773944088581664,
                0.0019776066435672106,
                0.0019773082248981384,
                0.17574337823677974,
                0.0019773894978903617,
                0.3584747359283404,
                0.001977384333616526,
                0.39261944421376477,
                0.0019773826015907795
            ],
            [
                0.3126847311939272,
                0.056461429565390214,
                0.0006308599286214186,
                0.0006631532059701916,
                0.24034635201066867,
                0.0006308414181281815,
                0.0006308312084524477,
                0.0006308409235111088,
                0.2771436786167864,
                0.0006308506448245235,
                0.0006308998882572096,
                0.0006308969690176218,
                0.03288265252291856,
                0.0006308503380134693,
                0.06459118323945495,
                0.000630874939134736,
                0.0006309011191820296,
                0.007650483517714783,
                0.0006308761191519239,
                0.0006368126308743671
            ]
        ],
        "doc_topic_dists": [
            [
                0.014285714391258196,
                0.014287348604800318,
                0.871419435180029,
                0.01428635267628226,
                0.014286486141293018,
                0.014285714288006235,
                0.014287687707660477,
                0.014289252769905671,
                0.014285714293128292,
                0.014286293947636374
            ],
            [
                0.025000000265796848,
                0.025000000006394053,
                0.025000361640633486,
                0.02500078848721681,
                0.0250011057430247,
                0.02500000000560939,
                0.02500000000414327,
                0.025000000007803315,
                0.025000000018666233,
                0.7749977438207118
            ],
            [
                0.01250000031594669,
                0.8874880032497369,
                0.012501305656339348,
                0.012500314914136937,
                0.012500374110933807,
                0.012505793611653283,
                0.012501843278479313,
                0.012501056916845481,
                0.012500838335994411,
                0.012500469609933935
            ],
            [
                0.020000000659494376,
                0.619987989882212,
                0.020006218314196567,
                0.020003178864206904,
                0.21999669165277555,
                0.020002510522419147,
                0.020001471112222318,
                0.020001760967579357,
                0.02000000004628338,
                0.02000017797861049
            ],
            [
                0.011111740119939545,
                0.011112301647073093,
                0.011111320644769771,
                0.011112975265185569,
                0.011111420072097198,
                0.011112509023303217,
                0.011112019167980195,
                0.01111133870597266,
                0.8999929446988081,
                0.011111430654870637
            ],
            [
                0.01111158731134609,
                0.011112222901465957,
                0.011114189809059424,
                0.899982532011794,
                0.011113882714472433,
                0.01111165539331121,
                0.011113079717923626,
                0.011115047977522158,
                0.01111121677538853,
                0.011114585387716645
            ],
            [
                0.016666666990958368,
                0.01666666667446566,
                0.016666930559969224,
                0.01666918675493597,
                0.38853963982465956,
                0.016666666673509554,
                0.01666666667172124,
                0.016666666676184556,
                0.01666666668943357,
                0.47812424248416224
            ],
            [
                0.01000129088578829,
                0.010000952950065822,
                0.010003103873267843,
                0.010000482750037827,
                0.010001799566084827,
                0.0100007644505295,
                0.010001528952251468,
                0.6862016556555182,
                0.01000267959691004,
                0.2337857413195461
            ],
            [
                0.025000000810453723,
                0.025008102684333115,
                0.26896985631070686,
                0.025001190816028473,
                0.025001749573468988,
                0.025000000017113392,
                0.025002613785002296,
                0.025000000023806163,
                0.02500000005688493,
                0.5310164859222021
            ],
            [
                0.02000250300394506,
                0.02000000000706637,
                0.020000495852643404,
                0.020002263745928787,
                0.020000000008642282,
                0.02000153846589821,
                0.8199931988800864,
                0.020000000008625177,
                0.020000000020627684,
                0.020000000006536744
            ],
            [
                0.014285714673848388,
                0.014292513220047258,
                0.01429158073889176,
                0.01428750718791009,
                0.8713988499986027,
                0.014285714293905873,
                0.014289306094100222,
                0.014290460298980824,
                0.014288815575749052,
                0.014289537917963812
            ],
            [
                0.1,
                0.1,
                0.1,
                0.1,
                0.1,
                0.1,
                0.1,
                0.1,
                0.1,
                0.1
            ],
            [
                0.02000250300394506,
                0.02000000000706637,
                0.020000495852643404,
                0.020002263745928787,
                0.020000000008642282,
                0.02000153846589821,
                0.8199931988800864,
                0.020000000008625177,
                0.020000000020627684,
                0.020000000006536744
            ],
            [
                0.014285714664294171,
                0.6139230667609996,
                0.27178061406843157,
                0.014286135536398301,
                0.01428720122526386,
                0.014286944480172398,
                0.01428762939641049,
                0.014289491928302705,
                0.014286544390350667,
                0.014286657549376086
            ],
            [
                0.011113245757694517,
                0.011115633143175782,
                0.011114511019186384,
                0.011112284767311645,
                0.011112596064326399,
                0.011113727680564955,
                0.8999709906270064,
                0.011117390790068323,
                0.011117366486104249,
                0.011112253664561422
            ],
            [
                0.033333334135071314,
                0.03333333335262786,
                0.033335261032846474,
                0.033341162000403886,
                0.03333333335693094,
                0.0333333333502555,
                0.03333544677686309,
                0.36666102699284614,
                0.03333333338960775,
                0.36666043561254713
            ],
            [
                0.05000000054542425,
                0.05000000001310946,
                0.050005495455787974,
                0.05000155866087731,
                0.05000252165230375,
                0.05000000001151393,
                0.050000000008500106,
                0.05000000001601045,
                0.5499904236243345,
                0.050000000012138356
            ],
            [
                0.008334031017132672,
                0.008335500455371682,
                0.00833650527848273,
                0.008335028024943882,
                0.008333582637483163,
                0.008335461603534364,
                0.9249878869024503,
                0.008334893396071961,
                0.008333511230971025,
                0.00833359945355831
            ],
            [
                0.010000353300038478,
                0.010001429575078812,
                0.010000444243427064,
                0.010000298817339846,
                0.010000700858567534,
                0.010000209228084402,
                0.010000327915922915,
                0.010000127858554928,
                0.45526573319835056,
                0.4647303750046355
            ],
            [
                0.010001136369613191,
                0.010000884042102507,
                0.010000111479144775,
                0.010001113646733499,
                0.010000000005568128,
                0.9099937654299024,
                0.010001177262694347,
                0.010000453616905906,
                0.01000135814312401,
                0.010000000004211317
            ],
            [
                0.020000000373733395,
                0.020002164411883874,
                0.26744202829720404,
                0.020002631065617917,
                0.5725429259189102,
                0.020000000008173015,
                0.020003027485829373,
                0.02000610518583225,
                0.020000000026245128,
                0.020001117226570844
            ],
            [
                0.1,
                0.1,
                0.1,
                0.1,
                0.1,
                0.1,
                0.1,
                0.1,
                0.1,
                0.1
            ],
            [
                0.025000000459412506,
                0.025002367731525685,
                0.025005510155877247,
                0.025006012850916894,
                0.2921680524304486,
                0.025000000009695354,
                0.02500333499481837,
                0.5078140429802798,
                0.025000000032247286,
                0.025000678354778295
            ],
            [
                0.020000000500793327,
                0.020004260511616693,
                0.020005535191624225,
                0.02000000006496135,
                0.020002035694709392,
                0.020004702178737302,
                0.020000954225890773,
                0.8199817045496174,
                0.020000000035166315,
                0.020000807046883173
            ],
            [
                0.009092292060138153,
                0.009093586311052552,
                0.009092529437067174,
                0.009091571785113172,
                0.009091796016259875,
                0.009092604096385933,
                0.9181632460959857,
                0.009095837033744293,
                0.009094959455796232,
                0.009091577708457
            ],
            [
                0.012500000526149975,
                0.01250174447530475,
                0.012507416926121616,
                0.012500000068247164,
                0.012502740736380434,
                0.737971746137559,
                0.012501758117191866,
                0.1620135072084985,
                0.012500000036950974,
                0.012501085767595765
            ],
            [
                0.008334350816668739,
                0.00833424370129425,
                0.008336630773410748,
                0.008334253990571527,
                0.7967495704696295,
                0.008333935880568516,
                0.008334695269273662,
                0.008335858836826027,
                0.13657133943758254,
                0.008335120824174693
            ],
            [
                0.007693059612573482,
                0.5516355032447696,
                0.007692841841548951,
                0.007693947416134123,
                0.007692363344197885,
                0.007695721397779603,
                0.3868151587458245,
                0.007696466855341418,
                0.00769253518353596,
                0.007692402358294454
            ],
            [
                0.011113563830510128,
                0.44235389458062574,
                0.011114613556817372,
                0.011111603297135028,
                0.011111925870196172,
                0.011113135818422512,
                0.011113064798964565,
                0.46873955538844475,
                0.01111692831847552,
                0.011111714540408156
            ],
            [
                0.033333333637425605,
                0.033336583870495456,
                0.033340906857424815,
                0.03333604626493862,
                0.03333430951115538,
                0.033333333339752635,
                0.03333784894083468,
                0.6999800396322535,
                0.03333333335468372,
                0.033334264591035556
            ],
            [
                0.011112534345916083,
                0.011112314236397828,
                0.01111396367898586,
                0.01111282656666886,
                0.1433084720303055,
                0.01111268904275901,
                0.011112355078899266,
                0.7677892809828633,
                0.011114065319701827,
                0.01111149871750251
            ],
            [
                0.033333333637425605,
                0.033336583870495456,
                0.033340906857424815,
                0.03333604626493862,
                0.03333430951115538,
                0.033333333339752635,
                0.03333784894083468,
                0.6999800396322535,
                0.03333333335468372,
                0.033334264591035556
            ],
            [
                0.010000000295421948,
                0.01000435555812973,
                0.4867292173707685,
                0.010000394051951916,
                0.01000089695204201,
                0.010000000006286735,
                0.010001522542506974,
                0.010001354403543241,
                0.010002107038183066,
                0.433260151781166
            ],
            [
                0.011111111436580766,
                0.7774872359497955,
                0.011113688348529457,
                0.011111389061663987,
                0.011113148382905945,
                0.011111671707977284,
                0.011112299544614979,
                0.011112428670702522,
                0.011111844742648733,
                0.13361518215458085
            ],
            [
                0.01000000047297352,
                0.010001749947418372,
                0.2191433280862951,
                0.010000634833743017,
                0.010001144123904696,
                0.20999866994655708,
                0.16042065911555814,
                0.01000258836024024,
                0.01000000003320165,
                0.35043122508010804
            ],
            [
                0.008333333595898808,
                0.008334365603410146,
                0.008337600832556854,
                0.008334749519075523,
                0.5659233238262824,
                0.00833333333895589,
                0.008334662788455719,
                0.008335849356304926,
                0.18778396463208916,
                0.18794881650697037
            ],
            [
                0.010000353300038478,
                0.010001429575078812,
                0.010000444243427064,
                0.010000298817339846,
                0.010000700858567534,
                0.010000209228084402,
                0.010000327915922915,
                0.010000127858554928,
                0.45526573319835056,
                0.4647303750046355
            ],
            [
                0.010001136369613191,
                0.010000884042102507,
                0.010000111479144775,
                0.010001113646733499,
                0.010000000005568128,
                0.9099937654299024,
                0.010001177262694347,
                0.010000453616905906,
                0.01000135814312401,
                0.010000000004211317
            ],
            [
                0.05000000044409658,
                0.05000981763783327,
                0.5499499863534001,
                0.05000383270539242,
                0.05000294607495595,
                0.05000000000937448,
                0.05001106259004844,
                0.050019543686406626,
                0.050000000031193474,
                0.050002810467298486
            ],
            [
                0.016666667134238873,
                0.8499803197519497,
                0.01666916373801416,
                0.01666708708570101,
                0.01666738191511152,
                0.01667576819590995,
                0.01666909008403909,
                0.016668687840747404,
                0.016668269724389125,
                0.01666756452989924
            ],
            [
                0.010000000371317206,
                0.010000693054422707,
                0.5347714370413175,
                0.010001164817715647,
                0.2775566191259444,
                0.01000000000796651,
                0.010000687796468176,
                0.010001382268713438,
                0.010002088988425948,
                0.11766592652770855
            ],
            [
                0.016668979965893987,
                0.016670473872367232,
                0.016671265550076655,
                0.01667025919165653,
                0.016667200731523016,
                0.01667234656480767,
                0.6151445719786206,
                0.2515010592957132,
                0.0166666666955535,
                0.016667176153787436
            ],
            [
                0.007692742235072795,
                0.0076962062551244,
                0.007693717046059618,
                0.007693189006826534,
                0.00769380469506369,
                0.31463635079486274,
                0.3841243372025406,
                0.14642967516001562,
                0.007693905807485332,
                0.10864607179694882
            ],
            [
                0.025000000613866622,
                0.025009946097827127,
                0.025023806183780514,
                0.025004669205950267,
                0.025004088107737334,
                0.025000000012957515,
                0.025011210105269535,
                0.02501874158431247,
                0.025000000043113504,
                0.7749275380451851
            ],
            [
                0.010001817876283433,
                0.7953689427245073,
                0.010002779070222062,
                0.010000534669142337,
                0.010000493925875077,
                0.01000235085408884,
                0.010002260543620486,
                0.010003816259480217,
                0.12461645886414224,
                0.010000545212638108
            ],
            [
                0.0058823530958019244,
                0.005882750662573568,
                0.005884674457298845,
                0.005883195358177555,
                0.1771975746242197,
                0.005882352944545153,
                0.005883018296803433,
                0.005883851503872987,
                0.00588235295203543,
                0.7757378761046715
            ],
            [
                0.008334031017132672,
                0.008335500455371682,
                0.00833650527848273,
                0.008335028024943882,
                0.008333582637483163,
                0.008335461603534364,
                0.9249878869024503,
                0.008334893396071961,
                0.008333511230971025,
                0.00833359945355831
            ],
            [
                0.02500000046883188,
                0.02500000001127813,
                0.025000653392444352,
                0.025004588173686174,
                0.3203242160809532,
                0.025000000009893233,
                0.025000000007308017,
                0.025000000013765778,
                0.025000000032909996,
                0.4796705418089292
            ],
            [
                0.014285714690444271,
                0.6787859292973468,
                0.2069151291534069,
                0.014286136021766203,
                0.014287876364203424,
                0.014286813501300033,
                0.014287810644034596,
                0.014290309670710311,
                0.014287198535377714,
                0.014287082121409698
            ],
            [
                0.01250181762507302,
                0.3032728303437609,
                0.01250442424325131,
                0.34101145155942614,
                0.012505295675119895,
                0.012501136069417426,
                0.01250335675577738,
                0.26819748793043885,
                0.012501423129242349,
                0.012500776668492936
            ],
            [
                0.1,
                0.1,
                0.1,
                0.1,
                0.1,
                0.1,
                0.1,
                0.1,
                0.1,
                0.1
            ],
            [
                0.014289475030616294,
                0.014286367627102867,
                0.8714045473954916,
                0.014289835419498386,
                0.014286889307926444,
                0.014288064200230214,
                0.014289103640020099,
                0.014287397077596718,
                0.014292307300066639,
                0.014286013001450815
            ],
            [
                0.008334031017132672,
                0.008335500455371682,
                0.00833650527848273,
                0.008335028024943882,
                0.008333582637483163,
                0.008335461603534364,
                0.9249878869024503,
                0.008334893396071961,
                0.008333511230971025,
                0.00833359945355831
            ],
            [
                0.014285714690444271,
                0.6787859292973468,
                0.2069151291534069,
                0.014286136021766203,
                0.014287876364203424,
                0.014286813501300033,
                0.014287810644034596,
                0.014290309670710311,
                0.014287198535377714,
                0.014287082121409698
            ],
            [
                0.016667949807365957,
                0.01666849848229719,
                0.01667180904502056,
                0.01666803909520214,
                0.016667621421247142,
                0.01666742667940901,
                0.016669232958958946,
                0.5616984337575436,
                0.3049537973266014,
                0.016667191426354186
            ],
            [
                0.011111111313589958,
                0.8999869791032786,
                0.011114140031835295,
