{
    "topic_word_count": {
        "topic0": [
            {
                "word": "china",
                "count": 157
            },
            {
                "word": "chinese",
                "count": 51
            },
            {
                "word": "beijing",
                "count": 28
            },
            {
                "word": "disease",
                "count": 26
            },
            {
                "word": "year",
                "count": 33
            },
            {
                "word": "health",
                "count": 45
            },
            {
                "word": "city",
                "count": 38
            },
            {
                "word": "virus",
                "count": 58
            },
            {
                "word": "coronavirus_outbreak",
                "count": 29
            },
            {
                "word": "spread",
                "count": 33
            }
        ],
        "topic1": [
            {
                "word": "health",
                "count": 45
            },
            {
                "word": "said",
                "count": 85
            },
            {
                "word": "china",
                "count": 157
            },
            {
                "word": "global",
                "count": 37
            },
            {
                "word": "world",
                "count": 33
            },
            {
                "word": "outbreak",
                "count": 46
            },
            {
                "word": "news",
                "count": 39
            },
            {
                "word": "spread",
                "count": 33
            },
            {
                "word": "virus",
                "count": 58
            },
            {
                "word": "disease",
                "count": 26
            }
        ],
        "topic2": [
            {
                "word": "coronavirus_outbreak",
                "count": 29
            },
            {
                "word": "outbreak",
                "count": 46
            },
            {
                "word": "china",
                "count": 157
            },
            {
                "word": "chinese",
                "count": 51
            },
            {
                "word": "people",
                "count": 31
            },
            {
                "word": "said",
                "count": 85
            },
            {
                "word": "wednesday",
                "count": 35
            },
            {
                "word": "city",
                "count": 38
            },
            {
                "word": "virus",
                "count": 58
            },
            {
                "word": "spread",
                "count": 33
            }
        ],
        "topic3": [
            {
                "word": "wednesday",
                "count": 35
            },
            {
                "word": "said",
                "count": 85
            },
            {
                "word": "china",
                "count": 157
            },
            {
                "word": "people",
                "count": 31
            },
            {
                "word": "city",
                "count": 38
            },
            {
                "word": "news",
                "count": 39
            },
            {
                "word": "spread",
                "count": 33
            },
            {
                "word": "health",
                "count": 45
            },
            {
                "word": "outbreak",
                "count": 46
            },
            {
                "word": "coronavirus_outbreak",
                "count": 29
            }
        ],
        "topic4": [
            {
                "word": "china",
                "count": 157
            },
            {
                "word": "said",
                "count": 85
            },
            {
                "word": "wednesday",
                "count": 35
            },
            {
                "word": "outbreak",
                "count": 46
            },
            {
                "word": "coronavirus_outbreak",
                "count": 29
            },
            {
                "word": "year",
                "count": 33
            },
            {
                "word": "beijing",
                "count": 28
            },
            {
                "word": "people",
                "count": 31
            },
            {
                "word": "chinese",
                "count": 51
            },
            {
                "word": "city",
                "count": 38
            }
        ],
        "topic5": [
            {
                "word": "virus",
                "count": 58
            },
            {
                "word": "said",
                "count": 85
            },
            {
                "word": "global",
                "count": 37
            },
            {
                "word": "spread",
                "count": 33
            },
            {
                "word": "outbreak",
                "count": 46
            },
            {
                "word": "china",
                "count": 157
            },
            {
                "word": "people",
                "count": 31
            },
            {
                "word": "city",
                "count": 38
            },
            {
                "word": "news",
                "count": 39
            },
            {
                "word": "coronavirus_outbreak",
                "count": 29
            }
        ],
        "topic6": [
            {
                "word": "city",
                "count": 38
            },
            {
                "word": "news",
                "count": 39
            },
            {
                "word": "people",
                "count": 31
            },
            {
                "word": "health",
                "count": 45
            },
            {
                "word": "virus",
                "count": 58
            },
            {
                "word": "year",
                "count": 33
            },
            {
                "word": "china",
                "count": 157
            },
            {
                "word": "said",
                "count": 85
            },
            {
                "word": "chinese",
                "count": 51
            },
            {
                "word": "outbreak",
                "count": 46
            }
        ],
        "topic7": [
            {
                "word": "world",
                "count": 33
            },
            {
                "word": "said",
                "count": 85
            },
            {
                "word": "global",
                "count": 37
            },
            {
                "word": "year",
                "count": 33
            },
            {
                "word": "people",
                "count": 31
            },
            {
                "word": "news",
                "count": 39
            },
            {
                "word": "spread",
                "count": 33
            },
            {
                "word": "china",
                "count": 157
            },
            {
                "word": "virus",
                "count": 58
            },
            {
                "word": "health",
                "count": 45
            }
        ],
        "topic8": [
            {
                "word": "china",
                "count": 157
            },
            {
                "word": "virus",
                "count": 58
            },
            {
                "word": "global",
                "count": 37
            },
            {
                "word": "spread",
                "count": 33
            },
            {
                "word": "world",
                "count": 33
            },
            {
                "word": "health",
                "count": 45
            },
            {
                "word": "city",
                "count": 38
            },
            {
                "word": "people",
                "count": 31
            },
            {
                "word": "said",
                "count": 85
            },
            {
                "word": "year",
                "count": 33
            }
        ],
        "topic9": [
            {
                "word": "year",
                "count": 33
            },
            {
                "word": "chinese",
                "count": 51
            },
            {
                "word": "people",
                "count": 31
            },
            {
                "word": "spread",
                "count": 33
            },
            {
                "word": "said",
                "count": 85
            },
            {
                "word": "china",
                "count": 157
            },
            {
                "word": "virus",
                "count": 58
            },
            {
                "word": "health",
                "count": 45
            },
            {
                "word": "news",
                "count": 39
            },
            {
                "word": "city",
                "count": 38
            }
        ]
    },
    "data": {
        "vocab": [
            "beijing",
            "china",
            "chinese",
            "city",
            "coronavirus_outbreak",
            "disease",
            "global",
            "health",
            "news",
            "outbreak",
            "people",
            "said",
            "spread",
            "virus",
            "wednesday",
            "world",
            "year"
        ],
        "freq": [
            28,
            157,
            51,
            38,
            29,
            26,
            37,
            45,
            39,
            46,
            31,
            85,
            33,
            58,
            35,
            33,
            33
        ],
        "topic_term_dists": [
            [
                0.16780498766035526,
                0.40939464438009976,
                0.23365060856350828,
                0.0008349887546339688,
                0.0008349247352661974,
                0.1589626271538715,
                0.0008348810497038184,
                0.010169638059072814,
                0.0008348694610088447,
                0.0008348914056984003,
                0.00083487591594278,
                0.0008348664391569311,
                0.0008348983865241839,
                0.0008349318888092149,
                0.0008348735629285028,
                0.0008348796989069831,
                0.010833612884512489
            ],
            [
                0.0007228063164889438,
                0.1540168830704144,
                0.00072286961849877,
                0.0009492484720168988,
                0.0013630508528101562,
                0.051746896033871455,
                0.08012146682762859,
                0.2500081942954473,
                0.058176446006080226,
                0.06257573181572425,
                0.000722870147007582,
                0.1569582437437436,
                0.05575629912043978,
                0.05362015425659672,
                0.0007228063162170819,
                0.07109319700121197,
                0.0007228361058022054
            ],
            [
                0.0016032696212592572,
                0.17425968168125985,
                0.1118786291864902,
                0.0016033834615175452,
                0.2887485675702218,
                0.0016032819861737022,
                0.0016032917978851626,
                0.0016032039868426643,
                0.0016033177807856112,
                0.2624396134390346,
                0.0578466165904487,
                0.04801687711837049,
                0.0016033279776674091,
                0.0016033520199672062,
                0.040777152301016396,
                0.001603289664848716,
                0.0016031438162107043
            ],
            [
                0.0030649762287692163,
                0.01761146600888591,
                0.0030650152609275863,
                0.003065184890683298,
                0.0030650765369071775,
                0.0030650052942400034,
                0.0030649762481749624,
                0.0030650963188918485,
                0.003065173538273944,
                0.0030650850718678597,
                0.0032164921829766187,
                0.30776208813338174,
                0.0030651688205034673,
                0.0030650756449830496,
                0.6315641044274489,
                0.003064976232142135,
                0.0030650391609423145
            ],
            [
                0.07860997288739394,
                0.3079945785604104,
                0.000970503264496925,
                0.0009704936632842902,
                0.10772448321095553,
                0.0009704921492983735,
                0.0009704921514074994,
                0.0009704921529301772,
                0.0009704921501571439,
                0.10772470821653345,
                0.0009705175429046115,
                0.18966695802022357,
                0.000970492150673149,
                0.0009704921531791674,
                0.11792035770094052,
                0.0009704921497257087,
                0.08065398187548545
            ],
            [
                0.00124296358561195,
                0.039274620001690935,
                0.001242849805437741,
                0.0012430783638942833,
                0.0012430514361426585,
                0.0012429757685496715,
                0.15797294376672777,
                0.001242774634449091,
                0.0012430538213616556,
                0.12765904902739306,
                0.0012432327264756274,
                0.1978532500698147,
                0.12908221532084854,
                0.3344856340164208,
                0.0012427817804699678,
                0.0012427578760927857,
                0.001242767998618817
            ],
            [
                0.001006998205100695,
                0.0010071847114831278,
                0.001007080891272354,
                0.3833418200437292,
                0.0010070144108645365,
                0.0010070330706659723,
                0.0010070341592016872,
                0.09559500810401912,
                0.3136857556193036,
                0.001007075493639641,
                0.17884094555044303,
                0.0010070832857350387,
                0.001007069905357691,
                0.014325406997370223,
                0.0010070087561445454,
                0.0010070229677165493,
                0.0031334578279530083
            ],
            [
                0.0024181699616813664,
                0.0024182750146057473,
                0.002418171474228536,
                0.002418168775862346,
                0.0024181671749503096,
                0.0024181507299305366,
                0.17205545185175541,
                0.0024182201791897256,
                0.0024184644640193437,
                0.002418168585040863,
                0.0024184692524675065,
                0.2340741185132172,
                0.0024183042796494495,
                0.002418245559933417,
                0.0024181507272701586,
                0.43948851228137614,
                0.12294479117482193
            ],
            [
                0.0012052529267858492,
                0.49431181455754963,
                0.0012052699332538606,
                0.0012054038025443485,
                0.0012052687115404136,
                0.0012052719466170568,
                0.0782023335301264,
                0.0012055119543542656,
                0.0012052529279568804,
                0.0012053025301421428,
                0.0012053583263171525,
                0.0012053195090910586,
                0.07635034457376973,
                0.27291758546393474,
                0.0012052644503423922,
                0.06375413123742481,
                0.001205313618249389
            ],
            [
                0.001646884033748842,
                0.0016471909444045214,
                0.26898177755144637,
                0.0016469779036761615,
                0.001646737861752698,
                0.001646745317528693,
                0.0016467619192639857,
                0.0016470267320569231,
                0.001647025829613187,
                0.001646936017045493,
                0.16346302508391447,
                0.09558587840771826,
                0.14762122890106952,
                0.001647150827621055,
                0.001646785405868966,
                0.0016467980028445177,
                0.3045850692604264
            ]
        ],
        "doc_topic_dists": [
            [
                0.03333839201269011,
                0.033336350502684645,
                0.03333541556990563,
                0.033333408573675505,
                0.03333711887318277,
                0.033341363720691054,
                0.033333554497128735,
                0.03333333335889059,
                0.6999777295404429,
                0.03333333335070813
            ],
            [
                0.0111133341809547,
                0.31497100203426415,
                0.30095867003507953,
                0.011113317965224403,
                0.01111514171961066,
                0.01111477427033658,
                0.011111672643761691,
                0.011112755415399552,
                0.3062775760384518,
                0.011111755696916931
            ],
            [
                0.025006024065371772,
                0.025000000050230925,
                0.025003733422361413,
                0.025000000068807003,
                0.025000000018052967,
                0.02500000002319942,
                0.41241309422281724,
                0.025000000045326227,
                0.0250000000224585,
                0.3875771480613745
            ],
            [
                0.0111154333808812,
                0.011113449568760822,
                0.4065712962974407,
                0.011112219806422597,
                0.01111394169571722,
                0.504519620652658,
                0.011111135138345149,
                0.011112793332930975,
                0.011115125252938545,
                0.01111498487390498
            ],
            [
                0.2566493434703624,
                0.01000173662302445,
                0.01000126470720835,
                0.010001653900806895,
                0.010002860731110067,
                0.010002030684228455,
                0.010000540759915938,
                0.010001415873583953,
                0.010002213246547452,
                0.6633369400032122
            ],
            [
                0.025004311289416246,
                0.2749941296653948,
                0.025003301119237424,
                0.02500000010216886,
                0.025000000026818542,
                0.025000000034437336,
                0.025010114739776712,
                0.02500000006734331,
                0.025000000033387974,
                0.5249881429220188
            ],
            [
                0.25819421500855744,
                0.009092539740910689,
                0.1455869994400592,
                0.0090909217726275,
                0.009093273572469805,
                0.44085397359160355,
                0.10081129681339074,
                0.009091567552709559,
                0.009093597832760413,
                0.009091614674911173
            ],
            [
                0.012501504235443734,
                0.012501814204116298,
                0.01250411770471019,
                0.012505046218291542,
                0.8874818445968571,
                0.012501959415306478,
                0.01250000000769807,
                0.01250136281665139,
                0.012501816435658812,
                0.012500534365266389
            ],
            [
                0.25819421500855744,
                0.009092539740910689,
                0.1455869994400592,
                0.0090909217726275,
                0.009093273572469805,
                0.44085397359160355,
                0.10081129681339074,
                0.009091567552709559,
                0.009093597832760413,
                0.009091614674911173
            ],
            [
                0.03333839201269011,
                0.033336350502684645,
                0.03333541556990563,
                0.033333408573675505,
                0.03333711887318277,
                0.033341363720691054,
                0.033333554497128735,
                0.03333333335889059,
                0.6999777295404429,
                0.03333333335070813
            ],
            [
                0.007144314162393428,
                0.9356992574663862,
                0.007144096424742657,
                0.007143847542004382,
                0.007144444502778957,
                0.007146105267927421,
                0.007143906952615459,
                0.007145032983192368,
                0.007145394894483068,
                0.007143599803475965
            ],
            [
                0.014285761833146119,
                0.014287348881062582,
                0.014285987731200578,
                0.01428771841261597,
                0.014287480860619104,
                0.014287729960628305,
                0.014285716633487787,
                0.8714176687726335,
                0.014286257727214757,
                0.014288329187391379
            ],
            [
                0.011112552128599287,
                0.011113015403871735,
                0.011111704344601006,
                0.011111132562561575,
                0.011112189526731243,
                0.011113441469714061,
                0.011111126870608013,
                0.01111674475558414,
                0.8999861188955559,
                0.011111974042173003
            ],
            [
                0.025000000015092737,
                0.025002245742924034,
                0.4679522424049205,
                0.025000000056008706,
                0.025003590348113443,
                0.3320347050671464,
                0.02500025190078401,
                0.025000000044039183,
                0.025006964391061176,
                0.025000000029909847
            ],
            [
                0.007144314162393428,
                0.9356992574663862,
                0.007144096424742657,
                0.007143847542004382,
                0.007144444502778957,
                0.007146105267927421,
                0.007143906952615459,
                0.007145032983192368,
                0.007145394894483068,
                0.007143599803475965
            ],
            [
                0.006252967256143836,
                0.6659846615766483,
                0.19137087064284067,
                0.006250011485584056,
                0.006250992879484538,
                0.006252222926684197,
                0.09888060221123114,
                0.006252731715084018,
                0.006252630037906565,
                0.006252309268392655
            ],
            [
                0.01000114565736017,
                0.01000157871223917,
                0.010000471687140633,
                0.010000017058596267,
                0.010000857412761474,
                0.01000228169898256,
                0.01000002505754243,
                0.010003349685436251,
                0.9099895869238083,
                0.010000686106132793
            ],
            [
                0.008333333340367809,
                0.00833497793622114,
                0.00833455898194081,
                0.008334667394857612,
                0.008334411124588516,
                0.7573966881740142,
                0.17592670487800846,
                0.00833499247241426,
                0.008334239649159306,
                0.008335426048427772
            ],
            [
                0.025007619744883497,
                0.02500518502470294,
                0.025003756496898445,
                0.02500467013548663,
                0.7749585761703285,
                0.025003582183891142,
                0.025000000010234714,
                0.025003446089589765,
                0.025011813189569063,
                0.02500135095441547
            ],
            [
                0.020000114799851768,
                0.362389930763676,
                0.020005311085976814,
                0.020003078279979613,
                0.02000389507518616,
                0.4775904247574237,
                0.02000171178554872,
                0.020002328249012272,
                0.02000229232289224,
                0.020000912880452804
            ],
            [
                0.014285761833146119,
                0.014287348881062582,
                0.014285987731200578,
                0.01428771841261597,
                0.014287480860619104,
                0.014287729960628305,
                0.014285716633487787,
                0.8714176687726335,
                0.014286257727214757,
                0.014288329187391379
            ],
            [
                0.020000073183794306,
                0.020002776604274818,
                0.020000664973249167,
                0.36007590365226877,
                0.020003560784261822,
                0.02000476710101298,
                0.02000000361845279,
                0.02000353656204668,
                0.02000156144147014,
                0.4799071520791686
            ],
            [
                0.050000000013161953,
                0.050004773591366104,
                0.05000000002538725,
                0.05000000004885042,
                0.050000000015305766,
                0.05000000001962786,
                0.050000000015891444,
                0.5499915922810642,
                0.05000363396327606,
                0.050000000026068914
            ],
            [
                0.03333839201269011,
                0.033336350502684645,
                0.03333541556990563,
                0.033333408573675505,
                0.03333711887318277,
                0.033341363720691054,
                0.033333554497128735,
                0.03333333335889059,
                0.6999777295404429,
                0.03333333335070813
            ],
            [
                0.46454431999191736,
                0.011112721204335997,
                0.33544883794643215,
                0.01111113191683434,
                0.011113580021546448,
                0.011111845978743474,
                0.011111111121981593,
                0.12222030367612283,
                0.01111347871523254,
                0.011112669426853307
            ],
            [
                0.7749865081288463,
                0.025001938799642562,
                0.025002464520554765,
                0.025000042328330644,
                0.025002128205720734,
                0.02500023358087566,
                0.0250000000113134,
                0.025000000027337276,
                0.025003434671046085,
                0.025003249726332742
            ],
            [
                0.020001365873644043,
                0.020002868056553158,
                0.02000056250938644,
                0.020000020358932506,
                0.020001022341414258,
                0.020011674378609394,
                0.020000119535856353,
                0.020003680415016004,
                0.8199786865116715,
                0.02000000001891628
            ],
            [
                0.8499898371523673,
                0.016667863585391775,
                0.016667996006251216,
                0.016666714692328846,
                0.016670084940908197,
                0.016666931804213254,
                0.016666666672989203,
                0.016666666681947342,
                0.016670571786556513,
                0.016666666677046513
            ],
            [
                0.008335278211199882,
                0.6203518054336791,
                0.008334181663581942,
                0.008333769913055965,
                0.008335030380724659,
                0.008334468758614013,
                0.008335620251522026,
                0.3129701597886823,
                0.008336231195818913,
                0.008333454403121276
            ],
            [
                0.02500000000464859,
                0.025001474070838078,
                0.02500069156440947,
                0.7749893750094207,
                0.025003609414580814,
                0.025001848430727613,
                0.025000000005614628,
                0.02500215712760936,
                0.025000000006724355,
                0.025000844365426603
            ],
            [
                0.84999125019556,
                0.01666779921270863,
                0.01666804225682636,
                0.016666698694557003,
                0.01666879859561333,
                0.0166668434324213,
                0.016666666673710896,
                0.016666666683690313,
                0.016669340217641816,
                0.016667894037270474
            ],
            [
                0.44775018418700646,
                0.13269076522379392,
                0.010001016111308684,
                0.01000002651433153,
                0.010002289576485423,
                0.01000186366756877,
                0.010001179893080433,
                0.010001407968366353,
                0.2446685199937639,
                0.11488274686429464
            ],
            [
                0.025000000012630648,
                0.02500096734209759,
                0.5639188266184351,
                0.23607176824473644,
                0.025006440334123813,
                0.02500199735258922,
                0.02500000001524864,
                0.025000000036859978,
                0.02500000001826303,
                0.025000000025015578
            ],
            [
                0.011113277909509906,
                0.011112151095627935,
                0.011114544540983864,
                0.011114223259650072,
                0.8999847030589112,
                0.011112171845015674,
                0.011111113100513149,
                0.011112278474732423,
                0.011112513472447764,
                0.011113023242608084
            ],
            [
                0.84999125019556,
                0.01666779921270863,
                0.01666804225682636,
                0.016666698694557003,
                0.01666879859561333,
                0.0166668434324213,
                0.016666666673710896,
                0.016666666683690313,
                0.016669340217641816,
                0.016667894037270474
            ],
            [
                0.00833549990011896,
                0.008334749856070668,
                0.9249797588681329,
                0.008339591518448389,
                0.008336417345305014,
                0.008334761422214187,
                0.008334142987810269,
                0.008334628897362376,
                0.00833470434336605,
                0.008335744861171293
            ],
            [
                0.02500000000464859,
                0.025001474070838078,
                0.02500069156440947,
                0.7749893750094207,
                0.025003609414580814,
                0.025001848430727613,
                0.025000000005614628,
                0.02500215712760936,
                0.025000000006724355,
                0.025000844365426603
            ],
            [
                0.012505263391805198,
                0.01250217255610945,
                0.3502043849426334,
                0.012500058032035582,
                0.01250357271309463,
                0.01250192296531914,
                0.012501781803319081,
                0.012500000028097457,
                0.012505201677244157,
                0.5497756418903419
            ],
            [
                0.025005093668921202,
                0.025000000008576165,
                0.025003183625398644,
                0.025000000047053723,
                0.02500000001152113,
                0.02500000001480398,
                0.025003173445710635,
                0.02500000002893028,
                0.025000000014329213,
                0.774988549134755
            ],
            [
                0.5125620838026801,
                0.011112363638885233,
                0.011112606911054602,
                0.1226204513491819,
                0.011112931684815905,
                0.011114872266635755,
                0.12465922105644024,
                0.011111111145268653,
                0.1734814146767313,
                0.011112943468306321
            ],
            [
                0.012502575892784359,
                0.012502890514649876,
                0.4940914572350423,
                0.21335549191394182,
                0.012504597543531278,
                0.012502134812942689,
                0.2050339183034744,
                0.012501643886099126,
                0.012503111071116142,
                0.012502178826418039
            ],
            [
                0.011113277909509906,
                0.011112151095627935,
                0.011114544540983864,
                0.011114223259650072,
                0.8999847030589112,
                0.011112171845015674,
                0.011111113100513149,
                0.011112278474732423,
                0.011112513472447764,
                0.011113023242608084
            ],
            [
                0.011115248718526462,
                0.011113528740230005,
                0.011113880859161452,
                0.4143683200032502,
                0.16339498071617065,
                0.011112558575227475,
                0.3444390825974298,
                0.011112402506771717,
                0.011116110138836436,
                0.011113887144395892
            ],
            [
                0.012502575892784359,
                0.012502890514649876,
                0.4940914572350423,
                0.21335549191394182,
                0.012504597543531278,
                0.012502134812942689,
                0.2050339183034744,
                0.012501643886099126,
                0.012503111071116142,
                0.012502178826418039
            ],
            [
                0.011112552128599287,
                0.011113015403871735,
                0.011111704344601006,
                0.011111132562561575,
                0.011112189526731243,
                0.011113441469714061,
                0.011111126870608013,
                0.01111674475558414,
                0.8999861188955559,
                0.011111974042173003
            ],
            [
                0.05000059018525454,
                0.5499905453622098,
                0.050000000044137446,
                0.05000000008500958,
                0.05000000002662454,
                0.05000000003414753,
                0.05000886411718564,
                0.050000000066843735,
                0.05000000003317617,
                0.05000000004541106
            ],
            [
                0.25819421500855744,
                0.009092539740910689,
                0.1455869994400592,
                0.0090909217726275,
                0.009093273572469805,
                0.44085397359160355,
                0.10081129681339074,
                0.009091567552709559,
                0.009093597832760413,
                0.009091614674911173
            ],
            [
                0.014285761833146119,
                0.014287348881062582,
                0.014285987731200578,
                0.01428771841261597,
                0.014287480860619104,
                0.014287729960628305,
                0.014285716633487787,
                0.8714176687726335,
                0.014286257727214757,
                0.014288329187391379
            ],
            [
                0.050000000013161953,
                0.050004773591366104,
                0.05000000002538725,
                0.05000000004885042,
                0.050000000015305766,
                0.05000000001962786,
                0.050000000015891444,
                0.5499915922810642,
                0.05000363396327606,
                0.050000000026068914
            ],
            [
                0.014289310609085374,
                0.5329322680058819,
                0.014292892150526487,
                0.014285766920081445,
                0.01429066372631118,
                0.014288716253864754,
                0.35275896289039704,
                0.014285714322565037,
                0.014289990810538299,
                0.014285714310748408
            ],
            [
                0.012502679574272866,
                0.0125050174853472,
                0.012501468533927976,
                0.012500038375225156,
                0.012501930389667263,
                0.012501454770437875,
                0.3907461362254259,
                0.012500000027129587,
                0.5092400128185176,
                0.012501261800048569
            ],
            [
                0.016666722535412192,
                0.8499776449557875,
                0.016666666694632966,
                0.016666666720495722,
                0.016666666683527624,
                0.016668807465712095,
                0.016673574090951916,
                0.016677974465193958,
                0.01666860969288338,
                0.016666666695402496
            ],
            [
                0.020000000017482557,
                0.020003487990192814,
                0.020000000033716086,
                0.02000000006488087,
                0.02000000002032176,
                0.2038762126917131,
                0.4361135790430554,
                0.2199976052112951,
                0.020009114892686537,
                0.020000000034655786
            ],
            [
                0.007144314162393428,
                0.9356992574663862,
                0.007144096424742657,
                0.007143847542004382,
                0.007144444502778957,
                0.007146105267927421,
                0.007143906952615459,
                0.007145032983192368,
                0.007145394894483068,
                0.007143599803475965
            ],
            [
                0.033333621431993456,
                0.03333333334213376,
                0.0333333333529304,
                0.0333333333710849,
                0.03333644658508653,
                0.03333333334849982,
                0.033333347532115656,
                0.03333793320188033,
                0.03333333334804463,
                0.6999919844862305
            ],
            [
                0.84999125019556,
                0.01666779921270863,
                0.01666804225682636,
                0.016666698694557003,
                0.01666879859561333,
                0.0166668434324213,
                0.016666666673710896,
                0.016666666683690313,
                0.016669340217641816,
                0.016667894037270474
            ],
            [
                0.8028797578969319,
                0.05516850702295859,
                0.007693258447574885,
                0.0076923280375896285,
                0.00769395762405625,
                0.0076924199053462206,
                0.00769378776742011,
                0.007693230614599353,
                0.00769395842898423,
                0.08809879425453877
            ],
            [
