{
    "topic_word_count": {
        "topic0": [
            {
                "word": "coronavirus",
                "count": 88
            },
            {
                "word": "california",
                "count": 27
            },
            {
                "word": "travel",
                "count": 43
            },
            {
                "word": "covid",
                "count": 109
            },
            {
                "word": "covid_19",
                "count": 108
            },
            {
                "word": "state",
                "count": 89
            },
            {
                "word": "said",
                "count": 41
            },
            {
                "word": "governor",
                "count": 45
            },
            {
                "word": "order",
                "count": 72
            },
            {
                "word": "restrictions",
                "count": 113
            }
        ],
        "topic1": [
            {
                "word": "restrictions",
                "count": 113
            },
            {
                "word": "travel",
                "count": 43
            },
            {
                "word": "gov",
                "count": 49
            },
            {
                "word": "covid_19",
                "count": 108
            },
            {
                "word": "covid",
                "count": 109
            },
            {
                "word": "order",
                "count": 72
            },
            {
                "word": "york_new",
                "count": 32
            },
            {
                "word": "connecticut",
                "count": 38
            },
            {
                "word": "new_york",
                "count": 61
            },
            {
                "word": "york",
                "count": 61
            }
        ],
        "topic2": [
            {
                "word": "order",
                "count": 72
            },
            {
                "word": "coronavirus",
                "count": 88
            },
            {
                "word": "governor",
                "count": 45
            },
            {
                "word": "state",
                "count": 89
            },
            {
                "word": "states",
                "count": 31
            },
            {
                "word": "gov",
                "count": 49
            },
            {
                "word": "covid_19",
                "count": 108
            },
            {
                "word": "pandemic",
                "count": 36
            },
            {
                "word": "covid",
                "count": 109
            },
            {
                "word": "york_new",
                "count": 32
            }
        ],
        "topic3": [
            {
                "word": "order",
                "count": 72
            },
            {
                "word": "restrictions",
                "count": 113
            },
            {
                "word": "covid_19",
                "count": 108
            },
            {
                "word": "covid",
                "count": 109
            },
            {
                "word": "travel",
                "count": 43
            },
            {
                "word": "governor",
                "count": 45
            },
            {
                "word": "connecticut",
                "count": 38
            },
            {
                "word": "york_new",
                "count": 32
            },
            {
                "word": "new_york",
                "count": 61
            },
            {
                "word": "york",
                "count": 61
            }
        ],
        "topic4": [
            {
                "word": "covid_19",
                "count": 108
            },
            {
                "word": "covid",
                "count": 109
            },
            {
                "word": "pandemic",
                "count": 36
            },
            {
                "word": "state",
                "count": 89
            },
            {
                "word": "said",
                "count": 41
            },
            {
                "word": "states",
                "count": 31
            },
            {
                "word": "connecticut",
                "count": 38
            },
            {
                "word": "coronavirus",
                "count": 88
            },
            {
                "word": "york_new",
                "count": 32
            },
            {
                "word": "restrictions",
                "count": 113
            }
        ],
        "topic5": [
            {
                "word": "york",
                "count": 61
            },
            {
                "word": "new_york",
                "count": 61
            },
            {
                "word": "coronavirus",
                "count": 88
            },
            {
                "word": "restrictions",
                "count": 113
            },
            {
                "word": "states",
                "count": 31
            },
            {
                "word": "connecticut",
                "count": 38
            },
            {
                "word": "york_new",
                "count": 32
            },
            {
                "word": "state",
                "count": 89
            },
            {
                "word": "california",
                "count": 27
            },
            {
                "word": "said",
                "count": 41
            }
        ],
        "topic6": [
            {
                "word": "state",
                "count": 89
            },
            {
                "word": "coronavirus",
                "count": 88
            },
            {
                "word": "pandemic",
                "count": 36
            },
            {
                "word": "restrictions",
                "count": 113
            },
            {
                "word": "said",
                "count": 41
            },
            {
                "word": "order",
                "count": 72
            },
            {
                "word": "gov",
                "count": 49
            },
            {
                "word": "governor",
                "count": 45
            },
            {
                "word": "states",
                "count": 31
            },
            {
                "word": "new_york",
                "count": 61
            }
        ],
        "topic7": [
            {
                "word": "covid_19",
                "count": 108
            },
            {
                "word": "covid",
                "count": 109
            },
            {
                "word": "restrictions",
                "count": 113
            },
            {
                "word": "order",
                "count": 72
            },
            {
                "word": "governor",
                "count": 45
            },
            {
                "word": "said",
                "count": 41
            },
            {
                "word": "state",
                "count": 89
            },
            {
                "word": "states",
                "count": 31
            },
            {
                "word": "gov",
                "count": 49
            },
            {
                "word": "coronavirus",
                "count": 88
            }
        ],
        "topic8": [
            {
                "word": "state",
                "count": 89
            },
            {
                "word": "covid",
                "count": 109
            },
            {
                "word": "covid_19",
                "count": 108
            },
            {
                "word": "gov",
                "count": 49
            },
            {
                "word": "governor",
                "count": 45
            },
            {
                "word": "restrictions",
                "count": 113
            },
            {
                "word": "york_new",
                "count": 32
            },
            {
                "word": "coronavirus",
                "count": 88
            },
            {
                "word": "new_york",
                "count": 61
            },
            {
                "word": "york",
                "count": 61
            }
        ],
        "topic9": [
            {
                "word": "state",
                "count": 89
            },
            {
                "word": "coronavirus",
                "count": 88
            },
            {
                "word": "covid",
                "count": 109
            },
            {
                "word": "covid_19",
                "count": 108
            },
            {
                "word": "restrictions",
                "count": 113
            },
            {
                "word": "said",
                "count": 41
            },
            {
                "word": "connecticut",
                "count": 38
            },
            {
                "word": "states",
                "count": 31
            },
            {
                "word": "pandemic",
                "count": 36
            },
            {
                "word": "travel",
                "count": 43
            }
        ]
    },
    "data": {
        "vocab": [
            "california",
            "connecticut",
            "coronavirus",
            "covid",
            "covid_19",
            "gov",
            "governor",
            "new_york",
            "order",
            "pandemic",
            "restrictions",
            "said",
            "state",
            "states",
            "travel",
            "york",
            "york_new"
        ],
        "freq": [
            27,
            38,
            88,
            109,
            108,
            49,
            45,
            61,
            72,
            36,
            113,
            41,
            89,
            31,
            43,
            61,
            32
        ],
        "topic_term_dists": [
            [
                0.05716078472330161,
                0.005196365755518893,
                0.812925822152096,
                0.005197343890261004,
                0.005197343577861119,
                0.005196636540991698,
                0.005196898748236616,
                0.005196365705198319,
                0.005196844012788829,
                0.005196365758429401,
                0.0051966520636013164,
                0.005197025473575746,
                0.0051971811992225754,
                0.005196365842532012,
                0.057159273139457484,
                0.005196365705198319,
                0.005196365711729168
            ],
            [
                0.05495256414782287,
                0.05937581442180978,
                0.028376141543937857,
                0.07292332886602428,
                0.07320970485127415,
                0.12279526686961886,
                0.0006784236868066223,
                0.058545371909334704,
                0.0685201283963798,
                0.014745811242891198,
                0.1533793460344966,
                0.01424631185400049,
                0.02911946667039384,
                0.0006784236890162523,
                0.12957888020433334,
                0.05854537190871945,
                0.06032964370313989
            ],
            [
                0.004969990646998782,
                0.004970242877553166,
                0.33539569088936433,
                0.0049703634444897655,
                0.004970389941070994,
                0.004970856267679509,
                0.21351462754647152,
                0.004970192050398489,
                0.3718374853306505,
                0.004970377013515767,
                0.004969965937336092,
                0.004969874706404753,
                0.014637485826218155,
                0.004971936934807867,
                0.004970014266581604,
                0.004970192050398481,
                0.0049703142700603595
            ],
            [
                0.04976342236647627,
                0.053292777998941714,
                0.0003529478567824757,
                0.087872300287428,
                0.08792937289465547,
                0.04976305459763187,
                0.08012548974921356,
                0.05329241430520096,
                0.14303041365253116,
                0.03211658709362534,
                0.12387923664665644,
                0.00035293214582152687,
                0.00035294107436059137,
                0.04976367119247533,
                0.08152727310681107,
                0.05329241430520095,
                0.053292750726187235
            ],
            [
                0.001082256789846864,
                0.0010824616763783523,
                0.0010823636388172617,
                0.36079421467481476,
                0.3610634250921463,
                0.0010822638962143017,
                0.00108225678985659,
                0.001082292181456523,
                0.0010822567902565522,
                0.1301563136529948,
                0.0010823225601631623,
                0.0513793539835735,
                0.0836186484045412,
                0.0010826478439667172,
                0.0010822888837133708,
                0.001082292181456522,
                0.0010823409598030777
            ],
            [
                0.025784088682093732,
                0.0657064960666484,
                0.1536211601298528,
                0.0006289584115680699,
                0.0006289571651144545,
                0.0006289497597470697,
                0.0006289253652874194,
                0.23627637610354527,
                0.0006289249361028139,
                0.0006289967796608763,
                0.10373744345726758,
                0.017363046123423667,
                0.03093458039345186,
                0.07365383404914755,
                0.0006289828319864389,
                0.23627637610411562,
                0.052243903640986314
            ],
            [
                0.0010339393403736138,
                0.0010339592119926121,
                0.17004761990451708,
                0.001033939343771222,
                0.0010339393437782248,
                0.0837482977102617,
                0.08374779890885041,
                0.0010340256153986338,
                0.09201681167712217,
                0.13544708493087643,
                0.11605963068377985,
                0.10123770318561755,
                0.1836952277149684,
                0.025728092808113025,
                0.0010339393393097858,
                0.001034025615398631,
                0.001033964665870686
            ],
            [
                0.0022718032687061448,
                0.002271803277416277,
                0.002271922006747632,
                0.1896096220135642,
                0.19076881683230648,
                0.002271991868366074,
                0.12151281805661422,
                0.002271803267949361,
                0.12477408453406025,
                0.002271803277988335,
                0.12982325003305573,
                0.11586682424905546,
                0.08221021726974939,
                0.02498783024372891,
                0.0022718032635631346,
                0.002271803267949361,
                0.0022718032691789506
            ],
            [
                0.0015276506026580057,
                0.0015278402018493076,
                0.0015279263410971694,
                0.18634251644014657,
                0.1690316232903753,
                0.13901703219636563,
                0.07718285545663987,
                0.0015278639330435035,
                0.0015277622024591447,
                0.0015278580362724627,
                0.052812033401744826,
                0.0015276916295088332,
                0.35880787967692546,
                0.0015277543430622746,
                0.0015277808883683906,
                0.0015278639330434975,
                0.0015280674264398107
            ],
            [
                0.0007559750552375249,
                0.03099221920966839,
                0.15988330289323668,
                0.15172828583857936,
                0.15171987590434738,
                0.0007559265761893198,
                0.0007559265761353893,
                0.0007559265760481078,
                0.0007559265763306328,
                0.0007559766653034447,
                0.1443805283909412,
                0.12926394803694552,
                0.2093551022903912,
                0.01587325120253531,
                0.0007559750558790866,
                0.0007559265760481078,
                0.0007559265761832739
            ]
        ],
        "doc_topic_dists": [
            [
                0.012502747058371254,
                0.012502252437318548,
                0.012504793125258758,
                0.012502564499326175,
                0.012500785665647865,
                0.012501109589134132,
                0.8874786982334583,
                0.012502368917202791,
                0.01250278759868975,
                0.012501892875592528
            ],
            [
                0.012502747058371254,
                0.012502252437318548,
                0.012504793125258758,
                0.012502564499326175,
                0.012500785665647865,
                0.012501109589134132,
                0.8874786982334583,
                0.012502368917202791,
                0.01250278759868975,
                0.012501892875592528
            ],
            [
                0.010001872870380533,
                0.010001429582120054,
                0.01000075071225031,
                0.010001155147321982,
                0.010001669116576519,
                0.5781668048464413,
                0.3418192972667712,
                0.010001050490268493,
                0.010003291789340014,
                0.010002678178529557
            ],
            [
                0.011111111188135936,
                0.011114236356933663,
                0.011111114197998996,
                0.011114140828907802,
                0.011115488924245725,
                0.01111347496687511,
                0.011111832177955281,
                0.011113754492662425,
                0.011114008341959034,
                0.8999808385243261
            ],
            [
                0.010003662084393645,
                0.010002145156401705,
                0.010003844135171374,
                0.010002329969476727,
                0.010000795181086666,
                0.3626755405343255,
                0.5573062502741932,
                0.010001794406822898,
                0.010001362047740566,
                0.010002276210387599
            ],
            [
                0.012503016995894338,
                0.01250185347620561,
                0.012501188517918536,
                0.012502299194768949,
                0.012500000013415032,
                0.8874873380622831,
                0.01250157248396032,
                0.012500908329779107,
                0.012500254873390753,
                0.012501568052384178
            ],
            [
                0.011113231899854168,
                0.011111691251804222,
                0.011115274233812937,
                0.011113453063108833,
                0.01111234295897572,
                0.01111311424029888,
                0.8999824287674284,
                0.011113262726573477,
                0.011112354534080222,
                0.011112846324063145
            ],
            [
                0.020005128528415583,
                0.020000432382847027,
                0.8199845333028836,
                0.020001992984402042,
                0.02000000000865811,
                0.020000780252473066,
                0.020002638585181438,
                0.020002491047409907,
                0.020001192929261943,
                0.020000809978467107
            ],
            [
                0.007694760345410238,
                0.007695477425251715,
                0.007693276229321287,
                0.007694384177852478,
                0.007694739814681154,
                0.4230675718730542,
                0.007694030165169185,
                0.007694297752859668,
                0.5153765024198428,
                0.007694959796557225
            ],
            [
                0.025007335059371437,
                0.025000745830281824,
                0.7749799775825872,
                0.02500228049254487,
                0.0250000000101988,
                0.025001345961862112,
                0.025003335758237356,
                0.02500255349181934,
                0.025001028566031917,
                0.025001397247065214
            ],
            [
                0.011116109125835466,
                0.011112614558260426,
                0.011112947878371533,
                0.0111128770951603,
                0.011111111122400881,
                0.8999856430525996,
                0.011112803174526882,
                0.01111181243732633,
                0.011111307914626431,
                0.011112773640891999
            ],
            [
                0.010005781868327,
                0.0100017719330965,
                0.010002281401916904,
                0.010002276607027885,
                0.5947345595370263,
                0.3252413746004825,
                0.01000312756600597,
                0.010001756951972548,
                0.010003130829200865,
                0.010003938704943496
            ],
            [
                0.010005781868327,
                0.0100017719330965,
                0.010002281401916904,
                0.010002276607027885,
                0.5947345595370263,
                0.3252413746004825,
                0.01000312756600597,
                0.010001756951972548,
                0.010003130829200865,
                0.010003938704943496
            ],
            [
                0.014290717739885299,
                0.014287254063986928,
                0.3773035064928272,
                0.2961325599789992,
                0.22653704905116978,
                0.014290559738353619,
                0.014288882900142758,
                0.01429077849720735,
                0.014288975339003324,
                0.014289716198424644
            ],
            [
                0.014293651089170249,
                0.014287546515440468,
                0.014288801174421275,
                0.014287251994564553,
                0.014289648242691412,
                0.014287803852202765,
                0.014288500261136912,
                0.014288846943001848,
                0.01428771010244124,
                0.8714002398249293
            ],
            [
                0.004347921831413543,
                0.004348991476041422,
                0.004348722938001931,
                0.9608622591680306,
                0.004348819467397566,
                0.0043487642518843,
                0.004348406123685042,
                0.0043489262853249255,
                0.004348695434047751,
                0.004348493024173084
            ],
            [
                0.008334944834579158,
                0.008334541240513398,
                0.008333826825357552,
                0.008334240049036008,
                0.008334086523105293,
                0.9249891777634247,
                0.00833516326798545,
                0.008335057437557993,
                0.008333333349825287,
                0.008335628708615003
            ],
            [
                0.00769253694984024,
                0.007694747750510269,
                0.007692307753419606,
                0.93075732595099,
                0.007693943472667069,
                0.007695573287351345,
                0.007692982719238115,
                0.0076934524115245375,
                0.007693709309895771,
                0.007693420394562966
            ],
            [
                0.00769253694984024,
                0.007694747750510269,
                0.007692307753419606,
                0.93075732595099,
                0.007693943472667069,
                0.007695573287351345,
                0.007692982719238115,
                0.0076934524115245375,
                0.007693709309895771,
                0.007693420394562966
            ],
            [
                0.01250290615033966,
                0.01250139028652852,
                0.01250114880988451,
                0.012501141873060896,
                0.012503345237476152,
                0.012501149310622314,
                0.01250239525365094,
                0.012503062227258704,
                0.012502449413812637,
                0.8874810114373657
            ],
            [
                0.02500000006113107,
                0.02500137381758706,
                0.025000000058413144,
                0.025002061935590503,
                0.7749856157604142,
                0.02500000000723475,
                0.0250029760040737,
                0.025002881549268646,
                0.025002728056021953,
                0.02500236275026483
            ],
            [
                0.02000805536193266,
                0.020001865878954254,
                0.02001009194406514,
                0.020003053489469475,
                0.02000230084003811,
                0.0200017566363159,
                0.8199633415425112,
                0.020002829079945276,
                0.020003250749550946,
                0.02000345447721713
            ],
            [
                0.005000127864291531,
                0.005001510758098647,
                0.005000801709918439,
                0.9549910780974603,
                0.005001658530946771,
                0.005001069040301931,
                0.0050008506277772116,
                0.005001137658983769,
                0.00500098784415051,
                0.00500077786807087
            ],
            [
                0.016671923566165252,
                0.016668561081391947,
                0.016671394739006043,
                0.01666891685821107,
                0.01666765407009674,
                0.016668949165387727,
                0.849968943339676,
                0.0166709624366551,
                0.016670189915363138,
                0.01667250482804684
            ],
            [
                0.02000000007341292,
                0.020004284773215836,
                0.02000511729465571,
                0.020005291996884392,
                0.02000832111117076,
                0.02000138606418914,
                0.02000278620322676,
                0.819964406703434,
                0.020003754771544716,
                0.020004651008265727
            ],
            [
                0.008337126085545321,
                0.008334656231739946,
                0.008334827487149922,
                0.008334207686079943,
                0.008333991699342616,
                0.924982372336389,
                0.008335868804856487,
                0.008334213567286895,
                0.00833640898787189,
                0.008336327113738025
            ],
            [
                0.012500000047717548,
                0.01250081172265046,
                0.012500010280653538,
                0.01250067980471107,
                0.8874842051305213,
                0.012500374285101661,
                0.01250305019241826,
                0.012502946280890994,
                0.012503619304689526,
                0.0125043029506457
            ],
            [
                0.012500000047717548,
                0.01250081172265046,
                0.012500010280653538,
                0.01250067980471107,
                0.8874842051305213,
                0.012500374285101661,
                0.01250305019241826,
                0.012502946280890994,
                0.012503619304689526,
                0.0125043029506457
            ],
            [
                0.012500000047717548,
                0.01250081172265046,
                0.012500010280653538,
                0.01250067980471107,
                0.8874842051305213,
                0.012500374285101661,
                0.01250305019241826,
                0.012502946280890994,
                0.012503619304689526,
                0.0125043029506457
            ],
            [
                0.012500000047717548,
                0.01250081172265046,
                0.012500010280653538,
                0.01250067980471107,
                0.8874842051305213,
                0.012500374285101661,
                0.01250305019241826,
                0.012502946280890994,
                0.012503619304689526,
                0.0125043029506457
            ],
            [
                0.0055560780968047134,
                0.005556099553941955,
                0.005556874771060899,
                0.005556624998120728,
                0.005556121654833667,
                0.5212095829726056,
                0.43433813908165586,
                0.005556946026824645,
                0.005556750921273325,
                0.005556781922878684
            ],
            [
                0.012505037311201195,
                0.012502587997992719,
                0.0125019824404817,
                0.012502191363356056,
                0.3435045668651662,
                0.5564694466451047,
                0.012503254269295142,
                0.012504104148379824,
                0.01250157473238347,
                0.012505254226639036
            ],
            [
                0.006666666736267476,
                0.006668650495106359,
                0.006666671137908757,
                0.0066687901224089996,
                0.006669683437399915,
                0.38776728933523336,
                0.12056865290715513,
                0.006667887677296784,
                0.444987334509932,
                0.006668373641291237
            ],
            [
                0.007692307751500483,
                0.007694053749837516,
                0.007695066199334532,
                0.8086914371967009,
                0.00769425099766654,
                0.007695028769487308,
                0.007694097723347463,
                0.007694607188388721,
                0.12975499374825736,
                0.007694156675479123
            ],
            [
                0.011113231899854168,
                0.011111691251804222,
                0.011115274233812937,
                0.011113453063108833,
                0.01111234295897572,
                0.01111311424029888,
                0.8999824287674284,
                0.011113262726573477,
                0.011112354534080222,
                0.011112846324063145
            ],
            [
                0.03333333338752496,
                0.033335721405032444,
                0.033333333385057534,
                0.0333362803949492,
                0.6999773574916793,
                0.033333333339737266,
                0.03333333334387155,
                0.03333965188757887,
                0.033339240922100964,
                0.03333841444246805
            ],
            [
                0.010004711804364934,
                0.010002408869808615,
                0.0100014608862642,
                0.010002242925154805,
                0.010000000012920934,
                0.9099844425020969,
                0.01000162635288161,
                0.010000895652972923,
                0.01000031315156803,
                0.010001897841967197
            ],
            [
                0.010004711804364934,
                0.010002408869808615,
                0.0100014608862642,
                0.010002242925154805,
                0.010000000012920934,
                0.9099844425020969,
                0.01000162635288161,
                0.010000895652972923,
                0.01000031315156803,
                0.010001897841967197
            ],
            [
                0.01666666674925295,
                0.016672569101394103,
                0.016666666745544814,
                0.01667159487231938,
                0.3499884386879446,
                0.5166503980830226,
                0.01666876317311392,
                0.01667254297194814,
                0.01667046083411436,
                0.01667189878134511
            ],
            [
                0.004761988765742927,
                0.0047631561610836015,
                0.00476299074156267,
                0.9571346658270907,
                0.004763104039586914,
                0.004762977524537987,
                0.00476251075985581,
                0.004763117567410672,
                0.004762862311419511,
                0.00476262630170909
            ],
            [
                0.004761988765742927,
                0.0047631561610836015,
                0.00476299074156267,
                0.9571346658270907,
                0.004763104039586914,
                0.004762977524537987,
                0.00476251075985581,
                0.004763117567410672,
                0.004762862311419511,
                0.00476262630170909
            ],
            [
                0.01111111114777643,
                0.011112633186626478,
                0.011111117172663582,
                0.011112369648220712,
                0.011113858315154816,
                0.011111949272885283,
                0.011113222255454771,
                0.011113956582954549,
                0.011113890767670873,
                0.8999858916505925
            ],
            [
                0.010003380483547585,
                0.010001971008835504,
                0.010005783837247147,
                0.010001705679848372,
                0.01000031731973739,
                0.01000104852638277,
                0.9099797215571014,
                0.01000183526774856,
                0.010002293705901532,
                0.01000194261364968
            ],
            [
                0.005263242383563332,
                0.9526218258418896,
                0.00526364243159396,
                0.005265128890468656,
                0.0052649812576058596,
                0.005264304933064763,
                0.005263709255621103,
                0.005264449910814662,
                0.005264506782623073,
                0.005264208312754909
            ],
            [
                0.005263242383563332,
                0.9526218258418896,
                0.00526364243159396,
                0.005265128890468656,
                0.0052649812576058596,
                0.005264304933064763,
                0.005263709255621103,
                0.005264449910814662,
                0.005264506782623073,
                0.005264208312754909
            ],
            [
                0.01111111115076872,
                0.011111885768780248,
                0.011113519306465848,
                0.011112961834985004,
                0.01111532882080867,
                0.011111179674888193,
                0.011112530945947715,
                0.011114517793812933,
                0.89998383463134,
                0.011113130072202606
            ],
            [
                0.010004711804364934,
                0.010002408869808615,
                0.0100014608862642,
                0.010002242925154805,
                0.010000000012920934,
                0.9099844425020969,
                0.01000162635288161,
                0.010000895652972923,
                0.01000031315156803,
                0.010001897841967197
            ],
            [
                0.00909090912690719,
                0.009092178497090925,
                0.009092661611370838,
                0.009092427755524993,
                0.009093695284616874,
                0.009091331427220465,
                0.009092816905349046,
                0.918166851930567,
                0.00909347264525909,
                0.009093654816093767
            ],
            [
                0.012502747537065718,
                0.012501668852837643,
                0.012503397116048422,
                0.012501254646650604,
                0.012501010286354542,
                0.012500859101133051,
                0.8874790265926865,
                0.012502036282352262,
                0.01250478612997676,
                0.012503213454894526
            ],
            [
                0.009092361793733633,
                0.009091915720184683,
                0.009091487521169539,
                0.009091807550327449,
                0.009094053826482753,
                0.009091527972487143,
                0.00909238093414376,
                0.009093055429475643,
                0.0090937798551232,
                0.9181676293968722
            ],
            [
                0.009092361793733633,
                0.009091915720184683,
                0.009091487521169539,
                0.009091807550327449,
                0.009094053826482753,
                0.009091527972487143,
                0.00909238093414376,
                0.009093055429475643,
                0.0090937798551232,
                0.9181676293968722
            ],
            [
                0.009092361793733633,
                0.009091915720184683,
                0.009091487521169539,
                0.009091807550327449,
                0.009094053826482753,
                0.009091527972487143,
                0.00909238093414376,
                0.009093055429475643,
                0.0090937798551232,
                0.9181676293968722
            ],
            [
                0.009092361793733633,
                0.009091915720184683,
                0.009091487521169539,
                0.009091807550327449,
                0.009094053826482753,
                0.009091527972487143,
                0.00909238093414376,
                0.009093055429475643,
                0.0090937798551232,
                0.9181676293968722
            ],
            [
                0.009092361793733633,
                0.009091915720184683,
                0.009091487521169539,
                0.009091807550327449,
                0.009094053826482753,
                0.009091527972487143,
                0.00909238093414376,
                0.009093055429475643,
                0.0090937798551232,
                0.9181676293968722
            ],
            [
                0.02500000008259618,
                0.02500204881232227,
                0.025000051802311643,
                0.025001373035681226,
                0.7749554136446134,
                0.025001009289757736,
                0.02500649877234245,
                0.02500548958458927,
                0.025018260820409612,
                0.0250098541553762
            ],
            [
                0.005886114453236844,
                0.9470398941791904,
                0.0058843967892225095,
                0.005883806175062226,
                0.005883842617428977,
                0.005884530925550244,
                0.005884338462077396,
                0.005883622664818321,
                0.0058847594808893455,
                0.005884694252523795
            ],
            [
                0.005886114453236844,
                0.9470398941791904,
                0.0058843967892225095,
                0.005883806175062226,
                0.005883842617428977,
                0.005884530925550244,
                0.005884338462077396,
                0.005883622664818321,
