{
    "topic_word_count": {
        "topic0": [
            {
                "word": "states",
                "count": 47
            },
            {
                "word": "coronavirus",
                "count": 149
            },
            {
                "word": "york",
                "count": 102
            },
            {
                "word": "new_york",
                "count": 102
            },
            {
                "word": "jersey_connecticut",
                "count": 44
            },
            {
                "word": "connecticut",
                "count": 49
            },
            {
                "word": "york_new",
                "count": 64
            },
            {
                "word": "state",
                "count": 99
            },
            {
                "word": "spread",
                "count": 27
            },
            {
                "word": "cases",
                "count": 41
            }
        ],
        "topic1": [
            {
                "word": "order",
                "count": 31
            },
            {
                "word": "health",
                "count": 61
            },
            {
                "word": "state",
                "count": 99
            },
            {
                "word": "coronavirus",
                "count": 149
            },
            {
                "word": "people",
                "count": 62
            },
            {
                "word": "self",
                "count": 34
            },
            {
                "word": "york_new",
                "count": 64
            },
            {
                "word": "connecticut",
                "count": 49
            },
            {
                "word": "new_york",
                "count": 102
            },
            {
                "word": "york",
                "count": 102
            }
        ],
        "topic2": [
            {
                "word": "covid",
                "count": 62
            },
            {
                "word": "covid_19",
                "count": 59
            },
            {
                "word": "coronavirus",
                "count": 149
            },
            {
                "word": "health",
                "count": 61
            },
            {
                "word": "home",
                "count": 46
            },
            {
                "word": "people",
                "count": 62
            },
            {
                "word": "quarantine",
                "count": 62
            },
            {
                "word": "cases",
                "count": 41
            },
            {
                "word": "self",
                "count": 34
            },
            {
                "word": "spread",
                "count": 27
            }
        ],
        "topic3": [
            {
                "word": "self",
                "count": 34
            },
            {
                "word": "order",
                "count": 31
            },
            {
                "word": "gov",
                "count": 25
            },
            {
                "word": "coronavirus",
                "count": 149
            },
            {
                "word": "home",
                "count": 46
            },
            {
                "word": "york_new",
                "count": 64
            },
            {
                "word": "quarantine",
                "count": 62
            },
            {
                "word": "state",
                "count": 99
            },
            {
                "word": "people",
                "count": 62
            },
            {
                "word": "york",
                "count": 102
            }
        ],
        "topic4": [
            {
                "word": "coronavirus",
                "count": 149
            },
            {
                "word": "spread",
                "count": 27
            },
            {
                "word": "state",
                "count": 99
            },
            {
                "word": "people",
                "count": 62
            },
            {
                "word": "quarantine",
                "count": 62
            },
            {
                "word": "home",
                "count": 46
            },
            {
                "word": "gov",
                "count": 25
            },
            {
                "word": "new_york",
                "count": 102
            },
            {
                "word": "york",
                "count": 102
            },
            {
                "word": "self",
                "count": 34
            }
        ],
        "topic5": [
            {
                "word": "new_york",
                "count": 102
            },
            {
                "word": "york",
                "count": 102
            },
            {
                "word": "quarantine",
                "count": 62
            },
            {
                "word": "coronavirus",
                "count": 149
            },
            {
                "word": "connecticut",
                "count": 49
            },
            {
                "word": "state",
                "count": 99
            },
            {
                "word": "jersey_connecticut",
                "count": 44
            },
            {
                "word": "york_new",
                "count": 64
            },
            {
                "word": "people",
                "count": 62
            },
            {
                "word": "spread",
                "count": 27
            }
        ],
        "topic6": [
            {
                "word": "health",
                "count": 61
            },
            {
                "word": "home",
                "count": 46
            },
            {
                "word": "state",
                "count": 99
            },
            {
                "word": "states",
                "count": 47
            },
            {
                "word": "york",
                "count": 102
            },
            {
                "word": "new_york",
                "count": 102
            },
            {
                "word": "order",
                "count": 31
            },
            {
                "word": "self",
                "count": 34
            },
            {
                "word": "cases",
                "count": 41
            },
            {
                "word": "coronavirus",
                "count": 149
            }
        ],
        "topic7": [
            {
                "word": "coronavirus",
                "count": 149
            },
            {
                "word": "york",
                "count": 102
            },
            {
                "word": "new_york",
                "count": 102
            },
            {
                "word": "people",
                "count": 62
            },
            {
                "word": "york_new",
                "count": 64
            },
            {
                "word": "states",
                "count": 47
            },
            {
                "word": "home",
                "count": 46
            },
            {
                "word": "state",
                "count": 99
            },
            {
                "word": "spread",
                "count": 27
            },
            {
                "word": "covid",
                "count": 62
            }
        ],
        "topic8": [
            {
                "word": "state",
                "count": 99
            },
            {
                "word": "coronavirus",
                "count": 149
            },
            {
                "word": "covid_19",
                "count": 59
            },
            {
                "word": "covid",
                "count": 62
            },
            {
                "word": "gov",
                "count": 25
            },
            {
                "word": "spread",
                "count": 27
            },
            {
                "word": "people",
                "count": 62
            },
            {
                "word": "health",
                "count": 61
            },
            {
                "word": "quarantine",
                "count": 62
            },
            {
                "word": "order",
                "count": 31
            }
        ],
        "topic9": [
            {
                "word": "cases",
                "count": 41
            },
            {
                "word": "coronavirus",
                "count": 149
            },
            {
                "word": "state",
                "count": 99
            },
            {
                "word": "self",
                "count": 34
            },
            {
                "word": "home",
                "count": 46
            },
            {
                "word": "quarantine",
                "count": 62
            },
            {
                "word": "states",
                "count": 47
            },
            {
                "word": "york_new",
                "count": 64
            },
            {
                "word": "people",
                "count": 62
            },
            {
                "word": "new_york",
                "count": 102
            }
        ]
    },
    "data": {
        "vocab": [
            "cases",
            "connecticut",
            "coronavirus",
            "covid",
            "covid_19",
            "gov",
            "health",
            "home",
            "jersey_connecticut",
            "new_york",
            "order",
            "people",
            "quarantine",
            "self",
            "spread",
            "state",
            "states",
            "york",
            "york_new"
        ],
        "freq": [
            41,
            49,
            149,
            62,
            59,
            25,
            61,
            46,
            44,
            102,
            31,
            62,
            62,
            34,
            27,
            99,
            47,
            102,
            64
        ],
        "topic_term_dists": [
            [
                0.03446122696884999,
                0.09633460412218406,
                0.12014612809812372,
                0.0007216053291047617,
                0.0007216093755725699,
                0.0007216076045228937,
                0.0007217227472407356,
                0.0260886303060426,
                0.09686624618008545,
                0.11909051601989383,
                0.01486968016637138,
                0.0007216344839784137,
                0.000721651773598427,
                0.0007217404853320956,
                0.06299981039531134,
                0.06502597359220147,
                0.1594600120494944,
                0.11909052656132697,
                0.08051507374076501
            ],
            [
                0.002863020611187291,
                0.04052263412800621,
                0.1062901444143492,
                0.0028629402794699463,
                0.0028629402800900983,
                0.0028633072772599284,
                0.2032711985590126,
                0.002862940297312188,
                0.002910302934321508,
                0.03169300861101467,
                0.20395462164097208,
                0.08926927920496992,
                0.019655744477040875,
                0.06374345963777138,
                0.0028633357635315937,
                0.13019085410861658,
                0.0028635760578198614,
                0.0316929941867489,
                0.05676369753050537
            ],
            [
                0.037072398303506005,
                0.0005565426126045852,
                0.15750759356691715,
                0.2203028371095292,
                0.20231651334561948,
                0.008692901338519967,
                0.11639264553797332,
                0.07200315337784538,
                0.0005565417293276433,
                0.0005565647466739249,
                0.0005565637942090533,
                0.06464138831379901,
                0.05749518154903449,
                0.0345714924749932,
                0.022622397974432933,
                0.002485580809881657,
                0.0005565779457608819,
                0.0005565647466732712,
                0.0005565607226987665
            ],
            [
                0.003021776339208657,
                0.003022167013788369,
                0.003022578135191147,
                0.003021773871118756,
                0.003021790980921874,
                0.21447690258730104,
                0.003021671308502133,
                0.003022409173143028,
                0.00302216474571086,
                0.003022255300003059,
                0.34510206531316256,
                0.0030222824820691128,
                0.003022370839606226,
                0.3920669446096009,
                0.0030218616772905616,
                0.00302229768482853,
                0.003022057445306307,
                0.0030222553000232234,
                0.0030223751932237234
            ],
            [
                0.052631574773532884,
                0.052631568956206236,
                0.05263159933043774,
                0.05263157331684941,
                0.052631573622894716,
                0.052631579268175785,
                0.05263157346904364,
                0.05263158210864853,
                0.05263156861794411,
                0.052631579147202213,
                0.052631572191383556,
                0.05263158511041328,
                0.052631583143807614,
                0.05263157843789466,
                0.05263159369346207,
                0.05263158541103459,
                0.05263157297728233,
                0.05263157914720177,
                0.05263157727658481
            ],
            [
                0.00608525990484591,
                0.09141228918946655,
                0.09811359457699348,
                0.0003334282549835561,
                0.0003334305088545438,
                0.0094440473937327,
                0.0003334349013393862,
                0.0003334247567384049,
                0.07882614178496514,
                0.15425796739253267,
                0.00033349527313414947,
                0.06811584213591376,
                0.13799359314340812,
                0.009622239336724424,
                0.021441781701275673,
                0.090390161665838,
                0.00033345555645214036,
                0.15425796393675856,
                0.0780384485860427
            ],
            [
                0.04377016383550377,
                0.04006114554812044,
                0.04250009224073357,
                0.04145388782949514,
                0.04157357214142622,
                0.03942090350746923,
                0.1650679178847736,
                0.12270548202245818,
                0.040145198723979404,
                0.04541894336988611,
                0.044971786184289736,
                0.0005552226015867626,
                0.04030523266795335,
                0.04385848610747183,
                0.0005552369074980417,
                0.08377304981768854,
                0.07828681125960715,
                0.04541894339915186,
                0.040157923950907046
            ],
            [
                0.0005883783755817814,
                0.0005883607159231854,
                0.2607415214414339,
                0.0005884214129342105,
                0.0005884138765262278,
                0.0005883627882333838,
                0.0005883607163487019,
                0.03314342988989098,
                0.0005883607158912722,
                0.1790961506333235,
                0.0005883753714466575,
                0.12424545677714703,
                0.0005884104063691685,
                0.0005884109350679402,
                0.009654683763791097,
                0.020928767788129583,
                0.06530726950479761,
                0.17909615106934293,
                0.1219027138178208
            ],
            [
                0.0008869510018208649,
                0.0008869752824326983,
                0.14079571742419433,
                0.1352379609252224,
                0.13710392111616929,
                0.061261876050555136,
                0.032420750449483664,
                0.0008872342319217825,
                0.0008869759689461703,
                0.000887010090253397,
                0.024782558009383657,
                0.055156705148405476,
                0.025130440973156913,
                0.0008869461206785954,
                0.058817216628228086,
                0.32130973593286183,
                0.0008869630792480979,
                0.000887010090246955,
                0.000887051476790813
            ],
            [
                0.5979907563255553,
                0.0029381315471077698,
                0.1134064202609443,
                0.002938090730492294,
                0.0029380688433345153,
                0.0029379705514063687,
                0.0029380383731441393,
                0.06500764584933455,
                0.0029381432531293376,
                0.0029381579511304897,
                0.002937970533035886,
                0.0029381750909139837,
                0.002938766538670306,
                0.0705259943304666,
                0.002937970588329019,
                0.11193504945720681,
                0.0029382484869180576,
                0.002938157951116713,
                0.002938243337763634
            ]
        ],
        "doc_topic_dists": [
            [
                0.016677274490507293,
                0.01666840948224438,
                0.01667435068757175,
                0.016666666860525734,
                0.01666667108613055,
                0.016671333254757628,
                0.016671105207496786,
                0.8499585877307947,
                0.016676679736406703,
                0.01666892146356444
            ],
            [
                0.006667147766639811,
                0.006668844714290598,
                0.8399909352015864,
                0.006666666688629473,
                0.006666667167502661,
                0.006667332058862805,
                0.006668621819122787,
                0.006667062788357421,
                0.10666668862708371,
                0.00667003316792429
            ],
            [
                0.014286033239532614,
                0.014287422066745771,
                0.44805998945766273,
                0.014285714320832053,
                0.014285715086204223,
                0.01428712932514844,
                0.01428687233387104,
                0.014287554330511416,
                0.4376473431728483,
                0.014286226666643429
            ],
            [
                0.012501457369509033,
                0.01250191710405772,
                0.8874773014041427,
                0.012507979860544778,
                0.012500000873836604,
                0.012501193186442383,
                0.012502348343970708,
                0.012503067057293113,
                0.012502207294834837,
                0.012502527505368153
            ],
            [
                0.00500167382042509,
                0.0050005211162013905,
                0.005000680348714458,
                0.005002184580402254,
                0.00500000070192939,
                0.9065830706374709,
                0.00500105414963437,
                0.005001245792900632,
                0.005001922408292711,
                0.053407646444028845
            ],
            [
                0.020007841437872657,
                0.020000954790757527,
                0.02000098842708458,
                0.02000000004687574,
                0.02000000106794792,
                0.02000346970448694,
                0.020003048653492134,
                0.8199821828163767,
                0.02000087261685851,
                0.02000064043824742
            ],
            [
                0.0071447999742030146,
                0.007143952371458822,
                0.5003617112582275,
                0.007146787489264109,
                0.007142857998048889,
                0.00714493311480651,
                0.007144911836652956,
                0.4424823294627401,
                0.007143925578623027,
                0.007143790915975175
            ],
            [
                0.007694578551230483,
                0.007693135506934528,
                0.007693299761529328,
                0.0076923077188078845,
                0.007692308296106543,
                0.9307597059649052,
                0.0076931582332987565,
                0.0076943878263707865,
                0.007694180247974346,
                0.007692937892842211
            ],
            [
                0.00909165603162868,
                0.009096186220235409,
                0.009094498595391673,
                0.009096519197498121,
                0.009090910175357,
                0.009093342463822695,
                0.00909428169157412,
                0.009092004377427104,
                0.9181591036756787,
                0.009091497571386636
            ],
            [
                0.3766672961143122,
                0.006250797045977796,
                0.006250480999615209,
                0.006250000020424943,
                0.00625000046524802,
                0.5733270129526788,
                0.0062509893192157625,
                0.006252230933464423,
                0.006250900917073217,
                0.006250291231989575
            ],
            [
                0.3766672961143122,
                0.006250797045977796,
                0.006250480999615209,
                0.006250000020424943,
                0.00625000046524802,
                0.5733270129526788,
                0.0062509893192157625,
                0.006252230933464423,
                0.006250900917073217,
                0.006250291231989575
            ],
            [
                0.6851169886168818,
                0.010001186142842455,
                0.23486253914949154,
                0.010000000050405172,
                0.010000001149084278,
                0.010002800664004744,
                0.010002626819113562,
                0.010001751682000395,
                0.010004484476303612,
                0.010007621249872487
            ],
            [
                0.01428788669171691,
                0.014287183473593265,
                0.014287010610026105,
                0.014285714310394439,
                0.014285714847678318,
                0.01428889665098226,
                0.01428655327003438,
                0.8714179014625862,
                0.014286835145497287,
                0.014286303537490774
            ],
            [
                0.01428788669171691,
                0.014287183473593265,
                0.014287010610026105,
                0.014285714310394439,
                0.014285714847678318,
                0.01428889665098226,
                0.01428655327003438,
                0.8714179014625862,
                0.014286835145497287,
                0.014286303537490774
            ],
            [
                0.005556656065413991,
                0.6762323115466969,
                0.005556274697808988,
                0.0055583159056383615,
                0.00555555607356454,
                0.2793140533929022,
                0.005556653628337337,
                0.0055570898565294805,
                0.005556847760090643,
                0.0055562410730173655
            ],
            [
                0.010000200811352734,
                0.010001421425107132,
                0.010003050499671906,
                0.010000000024871374,
                0.010000000566825642,
                0.010001192086801327,
                0.010000670741173612,
                0.010001709444902338,
                0.9099914318102886,
                0.010000322589005257
            ],
            [
                0.49614034439674437,
                0.007146124921507888,
                0.007145776669540331,
                0.007144166894430861,
                0.007142858130237723,
                0.007144998324856539,
                0.007146647380543798,
                0.007144895123234924,
                0.4467010040581885,
                0.007143184100715178
            ],
            [
                0.011113324686650305,
                0.011113689288591827,
                0.011113092201313521,
                0.011111111133447977,
                0.011111111619576773,
                0.011113385332424262,
                0.011112572288153428,
                0.8081320241806244,
                0.10296613373313923,
                0.0111135555360782
            ],
            [
                0.010003419762333904,
                0.010000768551249909,
                0.010001181453181301,
                0.01000000003963612,
                0.010000000903197772,
                0.9099893226265223,
                0.010001008303532543,
                0.010002388124987688,
                0.01000155059760498,
                0.01000035963775353
            ],
            [
                0.011113488011228622,
                0.2690452940156431,
                0.011112037950681376,
                0.011114083297530773,
                0.011111111919935867,
                0.011114104775772689,
                0.011112949382579514,
                0.6420490340778646,
                0.011115346513867233,
                0.01111255005489625
            ],
            [
                0.6841767390279868,
                0.24308278265828148,
                0.009092587214686969,
                0.009092711105328968,
                0.009090909962887885,
                0.009093496306956453,
                0.009093118880187375,
                0.009093941656692075,
                0.009092275213544554,
                0.009091437973447473
            ],
            [
                0.008336695144777802,
                0.008338627932167561,
                0.008334932234927686,
                0.0083414788782826,
                0.008333334788069108,
                0.6906479060715788,
                0.2426621934647005,
                0.008335567044739516,
                0.008335198766293359,
                0.008334065674463001
            ],
            [
                0.010000932008973017,
                0.01000465065930196,
                0.01000249324051298,
                0.01000698514300303,
                0.01000000107174848,
                0.010001416088671975,
                0.010001325697095812,
                0.010002368523831412,
                0.9099794664066746,
                0.0100003611601868
            ],
            [
                0.010002589454957423,
                0.010001095115450987,
                0.010000696289776371,
                0.01000000002498325,
                0.010000000569003966,
                0.909989238875553,
                0.010001253227156452,
                0.010002598618650875,
                0.010001782837602833,
                0.010000744986864821
            ],
            [
                0.010001895386556445,
                0.010001248474030217,
                0.010000974544767992,
                0.010000000025526014,
                0.01000000058126035,
                0.9099892758476639,
                0.010001252334395274,
                0.010002718278712124,
                0.010001889440154243,
                0.01000074508693346
            ],
            [
                0.009094022836054603,
                0.00909334640968274,
                0.23948111748658502,
                0.009093789440585595,
                0.00909091019740707,
                0.009094589325064916,
                0.6877661451377902,
                0.009095305389063557,
                0.009094110543904155,
                0.009096663233862188
            ],
            [
                0.008335629074951606,
                0.008333800976686798,
                0.20045506229907098,
                0.008333333372555811,
                0.0083333342274033,
                0.6765186680364834,
                0.008335038847255853,
                0.008335346567757387,
                0.008335009568715737,
                0.0646847770291192
            ],
            [
                0.020007436403870236,
                0.020004776202423104,
                0.819960866531556,
                0.020000000107942784,
                0.020000002461090082,
                0.02000369591721591,
                0.020003205618812168,
                0.020006082451846558,
                0.020011796415442186,
                0.020002137889801118
            ],
            [
                0.2933460534239578,
                0.005557185404286353,
                0.0055564804043351165,
                0.005562540013099978,
                0.00555555632453001,
                0.6621942167665785,
                0.005557235633731871,
                0.005557162942488745,
                0.0055566285678764335,
                0.005556940519115248
            ],
            [
                0.2933460534239578,
                0.005557185404286353,
                0.0055564804043351165,
                0.005562540013099978,
                0.00555555632453001,
                0.6621942167665785,
                0.005557235633731871,
                0.005557162942488745,
                0.0055566285678764335,
                0.005556940519115248
            ],
            [
                0.0058832895276077135,
                0.00588379239296745,
                0.19124003289283556,
                0.16307415085173346,
                0.005882353583561068,
                0.6045017000523831,
                0.005883480222029294,
                0.00588393136119607,
                0.005884493153515941,
                0.005882775962170386
            ],
            [
                0.012501191277177932,
                0.012500926688131216,
                0.6175231417358246,
                0.012500000034631267,
                0.012500000788979958,
                0.012502938447533888,
                0.012501479509490187,
                0.012502213291744984,
                0.012502554178708975,
                0.28246555404777707
            ],
            [
                0.7058275041572614,
                0.008334089454195552,
                0.00833549628120913,
                0.008333333374621906,
                0.008333334273654736,
                0.2274952150527624,
                0.008336101422614728,
                0.008336094620107244,
                0.008334353594172582,
                0.00833447776940029
            ],
            [
                0.012501273344879372,
                0.012501728151129477,
                0.012502317156801187,
                0.012500000018393367,
                0.01250000041869937,
                0.012501668122168026,
                0.012500433664719897,
                0.8874895201667968,
                0.01250196460174773,
                0.012501094354664816
            ],
            [
                0.01428774906492706,
                0.014288003238106355,
                0.014290603560099958,
                0.014285714353475644,
                0.01428571582868805,
                0.014294267474803873,
                0.014288823535098359,
                0.014289072443730585,
                0.658004098547416,
                0.2276859519536542
            ],
            [
                0.05001029520930566,
                0.05000823992813465,
                0.05001374643609691,
                0.05000000008031893,
                0.05000000182751877,
                0.05000849843562596,
                0.05000350311623653,
                0.5499347982140922,
                0.05001207125168555,
                0.05000884550098465
            ],
            [
                0.01428653279820646,
                0.014291216615162184,
                0.8714085443463323,
                0.01428571433457589,
                0.014285715398945294,
                0.014287813676942308,
                0.014289393742165162,
                0.01429029180854995,
                0.014288006921312409,
                0.014286770357807994
            ],
            [
                0.01428653279820646,
                0.014291216615162184,
                0.8714085443463323,
                0.01428571433457589,
                0.014285715398945294,
                0.014287813676942308,
                0.014289393742165162,
                0.01429029180854995,
                0.014288006921312409,
                0.014286770357807994
            ],
            [
                0.01428653279820646,
                0.014291216615162184,
                0.8714085443463323,
                0.01428571433457589,
                0.014285715398945294,
                0.014287813676942308,
                0.014289393742165162,
                0.01429029180854995,
                0.014288006921312409,
                0.014286770357807994
            ],
            [
                0.005001136107649846,
                0.005000976940143265,
                0.005000288957417893,
                0.13793634716661604,
                0.00500000038986321,
                0.8220576946509252,
                0.0050008370218824994,
                0.005001313303143736,
                0.0050010152311884,
                0.005000390231169912
            ],
            [
                0.005001136107649846,
                0.005000976940143265,
                0.005000288957417893,
                0.13793634716661604,
                0.00500000038986321,
                0.8220576946509252,
                0.0050008370218824994,
                0.005001313303143736,
                0.0050010152311884,
                0.005000390231169912
            ],
            [
                0.020000000006794343,
                0.020000000027224518,
                0.8199944932693076,
                0.020000000028774854,
                0.020000000656468384,
                0.020000000003132904,
                0.020001227133473395,
                0.020000000005536693,
                0.02000427884132814,
                0.020000000027959083
            ],
            [
                0.8199665267295402,
                0.020003697040779728,
                0.02000056660534743,
                0.020000000075514945,
                0.02000000172074952,
                0.020007409631282946,
                0.020003388773082886,
                0.020005708524483416,
                0.0200100539086149,
                0.020002646990604108
            ],
            [
                0.9249840394059773,
                0.008333987597735513,
                0.008335009404820322,
                0.008333333369232362,
                0.008333334151221209,
                0.008335100525610595,
                0.00833563502264345,
                0.00833588035121032,
                0.008334095287324934,
                0.00833958488422393
            ],
            [
                0.007694124156061816,
                0.0076937326136463004,
                0.007693611913036001,
                0.007692307719797512,
                0.007692308318499891,
                0.8441391864783633,
                0.007693332252605452,
                0.007695285151086049,
                0.00769397589341291,
                0.0943121355034907
            ],
            [
                0.020000000015575385,
                0.02000227878063486,
                0.8199827528560155,
                0.020000000066032055,
                0.020000001504296618,
                0.020005901701280967,
                0.02000174415521977,
                0.02000323239871655,
                0.020004088458089347,
                0.02000000006413897
            ],
            [
                0.011113938887431033,
                0.011111890201430483,
                0.011111593313644473,
                0.011111111134552246,
                0.011111111645070278,
                0.011113296268361132,
                0.01111226196722185,
                0.8999919932327313,
                0.011111523347220861,
                0.011111280002336403
            ],
            [
                0.011113938887431033,
                0.011111890201430483,
                0.011111593313644473,
                0.011111111134552246,
                0.011111111645070278,
                0.011113296268361132,
                0.01111226196722185,
                0.8999919932327313,
                0.011111523347220861,
                0.011111280002336403
            ],
            [
                0.011113938887431033,
                0.011111890201430483,
                0.011111593313644473,
                0.011111111134552246,
                0.011111111645070278,
                0.011113296268361132,
                0.01111226196722185,
                0.8999919932327313,
                0.011111523347220861,
                0.011111280002336403
            ],
            [
                0.011113938887431033,
                0.011111890201430483,
                0.011111593313644473,
                0.011111111134552246,
                0.011111111645070278,
                0.011113296268361132,
                0.01111226196722185,
                0.8999919932327313,
                0.011111523347220861,
                0.011111280002336403
            ],
            [
                0.011113938887431033,
                0.011111890201430483,
                0.011111593313644473,
                0.011111111134552246,
                0.011111111645070278,
                0.011113296268361132,
                0.01111226196722185,
                0.8999919932327313,
                0.011111523347220861,
                0.011111280002336403
            ],
            [
                0.011113938887431033,
                0.011111890201430483,
                0.011111593313644473,
                0.011111111134552246,
                0.011111111645070278,
                0.011113296268361132,
                0.01111226196722185,
                0.8999919932327313,
                0.011111523347220861,
                0.011111280002336403
            ],
            [
                0.007694124156061816,
                0.0076937326136463004,
                0.007693611913036001,
                0.007692307719797512,
                0.007692308318499891,
                0.8441391864783633,
                0.007693332252605452,
                0.007695285151086049,
                0.00769397589341291,
                0.0943121355034907
            ],
            [
                0.01667186557761262,
                0.016667965408510482,
                0.8499762492425892,
                0.016666666747114825,
                0.016666668500273513,
                0.016669076237657725,
                0.016669275950105734,
                0.016671102998941367,
                0.016672265720953743,
                0.01666886361624077
            ],
            [
                0.01000151200458278,
                0.010000964261039545,
                0.01000055987473353,
                0.01000000001884657,
                0.010000000429194996,
                0.01000226885748849,
                0.010000605438718805,
                0.9099934819345319,
